chrom	start	end	Tregs-others	NaiveCD8-others
chr1	686388	686390	0.33299999999999996	-0.33299999999999996
chr1	687193	687195	-0.23749999999999993	0.23749999999999993
chr1	687328	687330	-0.32333333333333336	0.32333333333333336
chr1	922981	922983	-0.011166666666666436	0.011166666666666436
chr1	922991	922993	-0.04500000000000004	0.04500000000000004
chr1	923025	923027	-0.10099999999999998	0.10099999999999998
chr1	923048	923050	0.027166666666666672	-0.027166666666666672
chr1	923053	923055	0.05033333333333345	-0.05033333333333345
chr1	923070	923072	-0.06383333333333341	0.06383333333333341
