chrom	start	end	Tregs-others	cm8-others
chr1	685875	685877	-0.33299999999999996	0.33299999999999996
chr1	686388	686390	0.33299999999999996	-0.33299999999999996
chr1	687193	687195	0.031500000000000083	-0.031500000000000083
chr1	687328	687330	0.028000000000000025	-0.028000000000000025
chr1	922981	922983	-0.012499999999999956	0.012499999999999956
chr1	922991	922993	-0.030500000000000083	0.030500000000000083
chr1	923025	923027	-0.01650000000000007	0.01650000000000007
chr1	923048	923050	-0.02100000000000002	0.02100000000000002
chr1	923053	923055	0.02400000000000002	-0.02400000000000002
