NAME	CD14	CD19	CD4	CD8	CD56
chr6:13761191	101.0	5.8333333333333295	2.7499999999999996	3.93333333333334	2.66666666666666
chr17:77100327	89.93333333333331	4.233333333333331	2.633333333333334	2.86666666666667	4.733333333333331
chr16:12344913	79.4	1.733333333333348	3.849999999999995	4.93333333333334	4.16666666666667
chr8:27391187	99.89999999999998	4.7	1.933333333333335	3.13333333333333	4.3333333333333295
chr10:127918798	101.0	6.033333333333351	2.95000000000001	3.19999999999999	6.166666666666661
chr2:28717532	100.03333333333327	4.3999999999999915	2.93333333333333	3.0	4.966666666666671
chr6:16728327	101.0	4.6666666666666705	2.583333333333335	3.36666666666666	6.56666666666666
chr17:2803604	98.50000000000001	3.3333333333333406	4.983333333333335	2.3	4.900000000000008
chr8:141137888	91.8	4.6666666666666705	3.0	5.700000000000001	3.666666666666669
chr7:6434288	88.9666666666667	2.06666666666668	4.75	5.73333333333335	2.09999999999999
chr19:14127431	100.57499999999999	3.2750000000000097	4.312500000000008	5.724999999999991	4.900000000000008
chr2:47058769	90.83333333333327	3.5	5.85000000000001	1.833333333333329	5.03333333333335
chr8:673597	101.0	3.866666666666661	5.383333333333329	4.40000000000002	5.31666666666666
chr1:246582614	89.1333333333333	3.0666666666666798	3.9666666666666694	5.10000000000001	5.9666666666666694
chr3:196625294	101.0	2.33333333333333	4.06666666666667	6.06666666666668	7.266666666666651
chr8:30113222	67.10000000000001	2.925	2.0750000000000037	4.100000000000009	3.55
chr1:33338967	100.26666666666667	2.8333333333333397	3.8833333333333395	4.033333333333349	6.199999999999999
chr9:134371875	101.0	3.95	4.149999999999995	3.875	4.8
chr11:94545744	92.9	6.06666666666668	2.03333333333334	5.900000000000009	3.13333333333333
chr13:50715520	101.0	1.533333333333331	5.81666666666667	6.700000000000001	5.63333333333334
chr16:3591051	101.0	4.733333333333331	3.3666666666666654	6.166666666666669	5.300000000000001
chr1:21317537	92.14000000000001	2.6399999999999997	5.24	3.5	4.340000000000001
chr3:171825698	90.0666666666667	4.266666666666668	2.6500000000000004	3.46666666666667	7.16666666666667
chr2:206098979	73.9666666666667	2.76666666666667	2.5500000000000047	5.766666666666669	3.76666666666668
chr5:142803621	98.8	3.5	3.9000000000000057	3.81999999999999	4.62
chr19:47664412	100.69999999999999	4.375	3.35000000000001	5.02500000000001	8.65000000000001
chr17:42226001	89.4	4.033333333333349	3.78333333333333	6.033333333333319	3.2333333333333503
chr9:77849184	101.0	6.133333333333339	3.000000000000005	5.366666666666671	10.299999999999999
chr12:122401002	73.06666666666673	3.7	2.583333333333335	3.9999999999999907	4.999999999999999
chr1:235835471	100.2333333333333	4.100000000000009	2.5333333333333337	3.0666666666666798	10.500000000000009
chr9:113188524	101.0	5.866666666666659	3.733333333333325	4.600000000000009	5.866666666666659
chr10:29630715	85.96000000000001	2.68000000000002	5.270000000000001	5.22	2.7399999999999896
chr1:8892395	98.29999999999998	6.6000000000000085	4.33333333333333	2.2	7.699999999999999
chr8:26611852	98.28	5.179999999999992	4.57	3.6999999999999904	6.61999999999999
chr19:18301290	97.00000000000001	5.366666666666671	6.566666666666661	3.4000000000000097	6.9666666666666694
chr16:84083087	99.96666666666673	3.53333333333333	3.03333333333334	7.8000000000000105	7.0333333333333306
chr19:40364149	97.86666666666669	3.46666666666667	3.916666666666665	4.999999999999999	7.699999999999999
chr12:64700027	101.0	4.566666666666681	10.716666666666653	2.43333333333334	10.59999999999999
chr17:58493698	86.23333333333329	2.93333333333334	8.43333333333334	4.300000000000001	4.0666666666666815
chr21:44849824	94.46000000000001	4.0	5.21999999999999	6.139999999999991	5.8199999999999905
chr15:63502704	99.525	4.17500000000001	4.0375000000000005	7.125	6.0
chr20:19974936	85.83333333333331	2.76666666666667	3.416666666666674	5.66666666666667	4.2
chr16:27415071	99.99999999999997	7.199999999999991	6.549999999999999	9.500000000000002	3.2666666666666697
chr15:99455298	81.03333333333329	3.8333333333333304	4.566666666666665	4.866666666666671	5.63333333333334
chr9:127131524	99.89999999999998	5.5	4.7166666666666694	3.7	6.83333333333333
chr4:3085127	92.23333333333329	5.33333333333333	2.65	5.400000000000009	4.966666666666671
chr11:67302298	65.12500000000001	5.600000000000009	5.600000000000005	3.3749999999999996	2.40000000000001
chr22:37682695	81.73333333333332	5.700000000000001	3.7666666666666755	5.8333333333333295	4.93333333333334
chr12:121278668	100.36666666666667	6.266666666666671	7.283333333333326	3.1000000000000103	5.13333333333333
chr8:28773612	101.0	3.7333333333333303	3.449999999999995	5.63333333333334	8.999999999999998
chr8:22530321	5.63333333333334	98.9666666666667	1.799999999999995	2.23333333333333	7.6666666666666705
chr1:172391053	2.33333333333333	97.6333333333333	2.916666666666665	2.93333333333334	3.76666666666668
chr8:9720461	4.433333333333341	101.0	4.083333333333336	4.033333333333349	3.9999999999999907
chr17:56897296	2.06666666666668	76.26666666666668	2.5166666666666746	4.16666666666667	3.8
chr18:55424161	2.76666666666667	89.4333333333333	5.1499999999999995	4.66666666666666	4.833333333333338
chr13:23846055	2.76666666666667	89.66666666666667	3.9500000000000046	5.166666666666662	4.36666666666666
chr18:58946467	5.63333333333334	83.5333333333333	6.466666666666675	2.2	6.133333333333339
chr16:85481058	3.3333333333333406	101.0	5.63333333333334	4.2	7.86666666666666
chr2:69731607	7.699999999999999	66.96666666666671	2.28333333333333	3.16666666666666	4.76666666666668
chr15:99442883	3.2333333333333503	65.4333333333333	3.566666666666664	5.03333333333333	4.66666666666666
chr5:36789044	4.266666666666668	44.033333333333296	3.050000000000005	2.93333333333334	6.033333333333351
chr17:79952134	5.10000000000001	88.73333333333333	3.1999999999999957	4.166666666666661	11.0333333333333
chr17:77323264	10.84	100.52	3.4000000000000052	4.88	5.900000000000009
chr12:6224703	12.7333333333333	95.4	3.8666666666666645	4.566666666666681	7.699999999999999
chr1:151149892	7.566666666666661	70.89999999999999	2.6666666666666634	6.0	5.43333333333334
chr15:90591109	3.16666666666666	65.4	5.333333333333335	7.83333333333334	5.566666666666659
chr17:3967119	9.16666666666667	100.39999999999998	5.199999999999999	7.3333333333333295	11.899999999999999
chr2:11374434	4.93333333333334	65.79999999999998	4.149999999999995	8.0	8.90000000000001
chr5:124706892	5.65000000000001	66.42499999999998	5.9	4.600000000000009	9.675000000000008
chr16:10595006	7.82499999999999	98.82499999999997	10.925	17.124999999999996	21.400000000000002
chr2:64089635	4.300000000000001	32.1333333333333	3.05000000000001	2.66666666666666	6.46666666666667
chr12:52497289	7.86666666666666	73.29999999999998	7.41666666666667	10.566666666666661	14.300000000000002
chr16:74522006	5.566666666666659	31.399999999999995	5.75	6.36666666666666	5.733333333333329
chr3:66429085	6.9666666666666694	24.3	3.91666666666667	4.566666666666681	7.600000000000018
chr7:4739732	3.8333333333333304	2.66666666666666	79.58333333333334	30.56666666666669	9.76666666666667
chr1:28243580	13.124999999999998	2.44999999999999	41.65	9.82499999999999	7.049999999999999
chr14:50096638	8.400000000000018	6.9666666666666694	98.18333333333332	48.866666666666696	10.600000000000012
chr22:23521232	4.2	2.5	30.6833333333333	5.766666666666669	5.599999999999991
chr7:130994945	7.099999999999991	4.899999999999991	51.22500000000001	13.975000000000001	9.974999999999989
chr4:3370546	6.759999999999992	7.0200000000000085	63.363333333333344	26.120000000000005	10.96000000000001
chr4:110047074	4.600000000000009	4.533333333333329	23.76666666666665	8.0	3.5999999999999903
chr11:66316582	2.26666666666667	3.0666666666666798	9.68333333333333	88.46666666666668	7.133333333333339
chr7:139873954	3.8333333333333304	6.23333333333333	4.56666666666667	4.93333333333334	99.60000000000002
chr19:38675798	5.366666666666671	3.7333333333333303	4.649999999999996	14.0	100.03333333333327
chr17:82848554	4.02	3.28000000000002	2.1800000000000024	10.42	75.48000000000002
chr1:15407486	7.36666666666666	8.69999999999999	6.816666666666659	3.96666666666667	98.83333333333329
chr6:16767672	3.19999999999999	2.3	8.133333333333347	8.2	47.5
chr13:50422386	1.0	3.5	6.449999999999994	8.999999999999998	37.83333333333329
chr20:19315336	3.875	10.425000000000002	6.8125	8.325	69.75000000000001
chr4:152957691	7.199999999999991	15.233333333333304	5.950000000000005	10.53333333333333	101.0
chr4:4518924	3.5	2.73333333333333	3.083333333333331	3.0666666666666798	30.6
chr4:1177723	12.166666666666696	4.566666666666681	5.866666666666669	17.833333333333297	101.0
chr2:43140593	2.05000000000001	4.300000000000001	6.3375	9.875000000000002	42.67500000000001
chr2:48146807	23.133333333333297	6.69999999999999	5.13333333333334	10.90000000000001	79.4333333333333
chr19:10612785	6.6000000000000085	7.43333333333334	5.233333333333334	5.8333333333333295	58.833333333333314
chr12:124433490	8.34999999999999	3.075	4.475000000000005	5.52500000000001	49.4
chr1:167487791	5.900000000000009	3.9999999999999907	8.266666666666666	8.333333333333329	46.8
chr16:85521229	3.4200000000000195	5.54000000000001	2.6700000000000053	4.45999999999999	30.500000000000007
chr2:231400636	11.3666666666667	6.033333333333319	3.6166666666666707	6.5	44.4
chr7:2459139	8.46666666666668	8.90000000000001	3.950000000000009	7.133333333333339	38.66666666666671
chr15:41260007	5.33333333333333	2.96666666666667	4.566666666666671	3.2666666666666697	20.89999999999999
chr4:3940172	11.2666666666667	7.099999999999991	14.666666666666698	28.76666666666669	85.30000000000003
chr18:48947238	3.8499999999999903	4.875	4.5625	4.05000000000001	21.149999999999995
chr19:2546857	29.700000000000006	11.4666666666667	9.69999999999999	23.300000000000004	92.9
chr19:5954923	4.474999999999991	7.575	6.475000000000001	5.69999999999999	28.149999999999995
chr1:159027376	3.46666666666667	3.7	2.3999999999999995	2.86666666666667	16.766666666666698
chr19:2546742	31.399999999999995	23.262500000000003	14.406250000000004	16.387499999999996	97.64999999999998
chr13:99616549	7.500000000000001	6.766666666666671	7.250000000000025	10.800000000000002	30.699999999999996
chr2:233388195	7.683333333333341	10.066666666666679	2.924999999999995	10.73333333333333	36.5666666666667
chr11:114198263	4.95	8.899999999999991	5.012499999999996	3.55000000000001	24.199999999999996
