position	amel-139-P-CD14.bedgraph_rolled	amel-167-P-CD14.bedgraph_rolled	bmel-1254-T-CD14.bedgraph_rolled	bmel-960-T-CD14.bedgraph_rolled	cmel-139-P-CD4.bedgraph_rolled	cmel-167-P-CD4.bedgraph_rolled	dmel-1457-T-CD4.bedgraph_rolled	dmel-960-T-CD4.bedgraph_rolled	emel-139-P-CD8.bedgraph_rolled	emel-167-P-CD8.bedgraph_rolled	F-1393-T-EpCam.bedgraph_rolled	fmel-1254-T-CD8.bedgraph_rolled	fmel-1457-T-CD8.bedgraph_rolled	fmel-960-T-CD8.bedgraph_rolled	gmel-1254-T-CD45-Negative.bedgraph_rolled	gmel-1340-T-CD45-Negative.bedgraph_rolled	gmel-1457-T-CD45-Negative.bedgraph_rolled	GSM4928782_PDAC1-Ep.bed	GSM4928783_PDAC2-Ep.bed	GSM4928784_PDAC3-Ep.bed	GSM4928785_PDAC4-Ep.bed	GSM4928786_PDAC5-Ep.bed	GSM4928787_PDAC6-Ep.bed	GSM4928788_PDAC7-Ep.bed
chr1:16243	0.67	0.88	0.75	1	0.8	0.62	0.5	0.75	0.75	1	0.889	0.8	0.8	1	0.12	1	0.83	0.655	0.782	0.862	0.642	0.615	0.852	0.684
chr1:17378	0.959	1	1	0.934	0.79	0.956	1	0.87	0.89	0.955	1	0.905	1	0.914	0.953	0.765	1	1	0.954	0.812	0.968	1	1	0.909
chr1:17406	0.945	0.801	1	0.907	0.88	0.8	1	0.861	0.79	0.932	1	1	0.876	0.64	0.961	0.893	1	0.966	1	0.813	1	0.897	0.964	1
chr1:17452	0.899	1	0.903	0.929	0.72	0.93	1	0.955	0.81	0.949	1	0.946	0.936	1	0.935	0.921	0.953	0.934	0.945	0.836	0.816	0.963	0.973	1
chr1:17478	0.943	0.973	0.941	0.867	0.93	0.94	0.929	0.976	0.974	0.951	0.919	0.978	0.944	0.919	0.837	0.913	0.887	0.929	0.938	0.954	0.925	0.907	0.898	0.903
chr1:17483	0.982	0.978	0.916	0.925	0.945	0.96	0.933	0.939	0.935	1	1	1	1	0.919	0.923	0.834	0.903	0.913	0.848	0.964	0.882	0.888	0.968	0.967
chr1:17492	0.948	1	0.975	0.952	0.948	0.966	1	1	0.955	1	1	1	1	0.938	0.925	1	0.935	0.943	0.955	0.954	0.929	0.926	0.984	0.888
chr1:17562	0.939	0.96	0.648	1	0.971	0.974	1	0.969	1	0.905	1	0.961	0.846	0.932	0.738	1	0.865	0.945	0.884	0.85	0.965	0.833	1	1
chr1:17571	0.967	0.948	0.944	0.957	0.97	0.914	1	0.927	0.957	0.946	0.889	1	1	0.958	0.866	0.917	1	1	0.727	0.896	0.904	0.923	0.923	0.933
