chrom	pos	g1	g1	g1	g2	g2	g2	g2	g2	g2	g2	g2	g2	g2	g2	g2	g2	g2	g2	g2	g2	g2	g2	g2	g2	g2	g2	g2	g2	g2	g2	g2	g2	g2	g2	g2	g2
chr1	10470	0.5	NA	NA	0.8	NA	NA	NA	0.667	0.889	NA	NA	0.625	0.611	0.6	NA	NA	NA	NA	NA	0.841	NA	NA	0.667	NA	0.667	NA	0.8	0.857	0.7	0.769	NA	NA	0.667	NA	1.0	0.778
chr1	10472	0.8	NA	0.815	0.857	NA	NA	NA	0.667	0.778	1.0	NA	1.0	0.875	0.8	NA	NA	0.5	0.556	NA	0.93	NA	NA	0.667	0.75	1.0	1.0	0.8079999999999999	0.778	0.618	0.636	0.647	0.588	0.667	0.7140000000000001	NA	0.9470000000000001
chr1	10485	NA	0.75	0.741	1.0	NA	NA	1.0	1.0	1.0	1.0	0.583	0.75	0.611	0.833	NA	NA	NA	0.875	1.0	0.9390000000000001	NA	NA	0.9	1.0	0.8	1.0	0.9059999999999999	0.778	0.8690000000000001	0.667	0.8	0.8440000000000001	1.0	0.667	1.0	0.905
chr1	10490	1.0	1.0	0.96	0.5710000000000001	NA	NA	0.857	0.667	1.0	0.875	0.917	0.778	1.0	1.0	NA	NA	0.75	0.889	1.0	0.98	NA	NA	0.778	1.0	0.8	0.667	1.0	NA	0.9840000000000001	0.778	0.929	0.935	1.0	0.941	1.0	0.905
chr1	10494	0.833	NA	0.889	0.7140000000000001	NA	NA	0.75	1.0	0.778	0.833	NA	0.556	0.895	0.667	NA	NA	0.4	0.727	1.0	0.945	NA	NA	0.75	0.8	0.833	1.0	0.909	0.9	0.882	0.7	0.667	0.8390000000000001	0.667	0.882	1.0	0.87
chr1	10498	0.833	1.0	0.8	0.5710000000000001	NA	NA	NA	1.0	1.0	1.0	NA	1.0	0.8420000000000001	1.0	NA	NA	0.8	0.929	1.0	0.9470000000000001	NA	NA	0.8	0.8	0.6	1.0	0.914	1.0	0.971	1.0	0.9329999999999999	0.935	1.0	0.889	NA	0.917
chr1	10526	0.7140000000000001	0.75	0.875	0.75	NA	NA	0.5	1.0	1.0	1.0	0.867	0.9	1.0	1.0	1.0	1.0	0.857	0.9	NA	0.965	NA	NA	1.0	0.75	0.833	0.667	1.0	1.0	1.0	0.889	0.833	0.818	0.625	0.812	NA	0.955
chr1	10532	0.375	0.25	NA	NA	NA	NA	NA	0.667	NA	NA	0.2	NA	NA	NA	NA	NA	NA	0.222	NA	NA	NA	NA	NA	NA	NA	NA	NA	NA	NA	NA	NA	NA	0.0	NA	NA	NA
chr1	10543	0.5710000000000001	NA	NA	0.7140000000000001	NA	NA	0.7140000000000001	NA	1.0	0.833	0.7859999999999999	0.8	1.0	0.8	1.0	1.0	0.889	0.875	NA	1.0	NA	NA	0.833	0.667	1.0	0.667	1.0	0.889	0.948	NA	NA	0.812	NA	0.75	NA	1.0
