chrom	start	end	q	diff	#cpg	p(MWU)	p(2dks)	CD14_TIL	others	CD14_PBL	CD14_TIL	CD4_PBL	CD8_PBL	MEL_TUMOR	mycpgcount	CD14_TIL-CD14_PBL	CD14_TIL-CD4_PBL	CD14_TIL-CD8_PBL	CD14_TIL-MEL_TUMOR	maxCompartmentwisedelta	minCompartmentwiseDelta
chr1	925283	925290	0.38296	0.222389	2	0.023411	0.014316999999999996	0.2355	0.013111	0.0	0.2355	0.03125	0.0	0.018500000000000003	2	0.2355	0.20425	0.2355	0.21699999999999997	0.2355	0.20425
chr1	929745	929757	0.29058	-0.16811099999999998	2	0.095581	0.0065199	0.59683	0.76494	0.9537500000000001	0.5968333333333333	0.8805	0.9079999999999999	0.4666666666666667	2	-0.3569200000000001	-0.28367	-0.31116999999999995	0.1301633333333333	0.1301633333333333	-0.3569200000000001
chr1	934931	935080	0.22271	-0.219494	10	2.3975e-05	0.0033088	0.2085	0.42799	0.5589999999999999	0.2085	0.35874999999999996	0.51215	0.33071666666666666	10	-0.3504999999999999	-0.15024999999999997	-0.30365	-0.12221666666666667	-0.12221666666666667	-0.3504999999999999
chr1	935323	936062	0.021735	-0.125826	39	1.1762e-05	2.8707e-05	0.20048	0.3263	0.49669230769230777	0.20047863247863254	0.41655128205128206	0.4641923076923076	0.06062393162393162	39	-0.2962123076923078	-0.21607128205128207	-0.26371230769230763	0.13985606837606837	0.13985606837606837	-0.2962123076923078
chr1	936083	936319	0.00065202	-0.29362	19	1.4234000000000002e-07	2.6996e-07	0.22367	0.5172899999999999	0.7080263157894736	0.22366666666666668	0.7432368421052632	0.7501842105263158	0.08422807017543861	19	-0.4843563157894736	-0.5195668421052632	-0.5265142105263158	0.13944192982456138	0.13944192982456138	-0.5265142105263158
chr1	936377	936492	0.29058	-0.134874	11	0.01174	0.0055076	0.54386	0.67874	0.9587727272727272	0.5438636363636363	0.8916818181818184	0.8916818181818182	0.2081212121212121	11	-0.4149127272727272	-0.34782181818181834	-0.34782181818181823	0.3357387878787879	0.3357387878787879	-0.4149127272727272
chr1	937245	937254	0.2072	-0.166444	2	0.0093224	0.0023252	0.70817	0.87461	0.9722500000000001	0.7081666666666666	0.83575	0.94275	0.7899999999999999	2	-0.2640800000000001	-0.12758000000000003	-0.23458	-0.08182999999999996	-0.08182999999999996	-0.2640800000000001
chr1	939290	939293	0.14024	-0.183944	2	0.0062697	0.00085237	0.50317	0.68711	0.8049999999999999	0.5031666666666667	0.75775	0.6477499999999999	0.5876666666666667	2	-0.30182999999999993	-0.25458000000000003	-0.14457999999999993	-0.08449666666666666	-0.08449666666666666	-0.30182999999999993
chr1	939331	939335	0.14558	-0.234167	2	0.011298	0.0010862	0.58333	0.8175	0.8857499999999999	0.5833333333333333	0.9297500000000001	0.87575	0.6583333333333333	2	-0.3024199999999999	-0.34642000000000006	-0.29242	-0.07500333333333331	-0.07500333333333331	-0.34642000000000006
