chrom	start	end	q	diff	#cpg	p(MWU)	p(2dks)	CD4_TIL	others	CD14_PBL	CD4_PBL	CD4_TIL	CD8_PBL	MEL_TUMOR	mycpgcount	CD4_TIL-CD14_PBL	CD4_TIL-CD4_PBL	CD4_TIL-CD8_PBL	CD4_TIL-MEL_TUMOR	maxCompartmentwisedelta	minCompartmentwiseDelta
chr1	923919	923929	0.22031	0.116167	4	0.0024961	0.0077318	0.14425	0.028083	0.020625	0.035750000000000004	0.14425000000000002	0.03875	0.020833333333333332	4	0.12362499999999998	0.10849999999999999	0.10549999999999998	0.12341666666666666	0.12362499999999998	0.10549999999999998
chr1	925083	925086	0.30353	0.134889	2	0.019631	0.015844999999999998	0.166	0.031111	0.0	0.06824999999999999	0.166	0.07175000000000001	0.0	2	0.166	0.09775000000000002	0.09425	0.166	0.166	0.09425
chr1	926368	927905	0.34885	0.12675	32	0.0044783	0.021025	0.70985	0.5831	0.7886562500000001	0.7610156250000002	0.7098541666666667	0.7205156249999999	0.23585416666666664	32	-0.07880625000000008	-0.051165625000000214	-0.010665624999999901	0.47399583333333334	0.47399583333333334	-0.07880625000000008
chr1	927918	927951	0.46337	0.334667	5	0.0040203	0.044165	0.92633	0.59167	0.8922000000000001	0.8878999999999999	0.9263333333333333	0.8372999999999999	0.030066666666666665	5	0.03412999999999988	0.038430000000000075	0.08903000000000005	0.8962633333333333	0.8962633333333333	0.03412999999999988
chr1	928260	928777	0.26739	0.154667	20	0.0057574	0.010302	0.82747	0.6728	0.904125	0.8731749999999998	0.8274666666666667	0.8182749999999999	0.2880166666666667	20	-0.07665499999999992	-0.045704999999999774	0.009195000000000175	0.5394533333333333	0.5394533333333333	-0.07665499999999992
chr1	929147	929694	0.039122	0.189837	35	0.0032478000000000003	0.00019088	0.79802	0.60819	0.8875142857142856	0.8211714285714288	0.7980238095238092	0.830857142857143	0.13153333333333334	35	-0.08949428571428564	-0.023151428571428823	-0.03283714285714301	0.6664866666666667	0.6664866666666667	-0.08949428571428564
chr1	929900	930015	0.32415	0.16161099999999998	5	0.21583	0.019037	0.7431	0.58149	0.9362999999999999	0.7166	0.7431	0.6642	0.19973333333333335	5	-0.19319999999999993	0.026499999999999968	0.07889999999999997	0.5433666666666667	0.5433666666666667	-0.19319999999999993
chr1	930075	930159	0.41439	0.325861	2	0.013638	0.033517	0.82275	0.49689	0.79725	0.6385000000000001	0.82275	0.5195000000000001	0.18716666666666665	2	0.025499999999999967	0.1842499999999999	0.3032499999999999	0.6355833333333334	0.6355833333333334	0.025499999999999967
chr1	931520	931558	0.30346	-0.2015	2	0.07186100000000001	0.015077000000000004	0.30317	0.50467	0.5665	0.48225	0.30316666666666664	0.45475	0.5116666666666667	2	-0.26333	-0.17908000000000002	-0.15158	-0.20849666666666672	-0.15158	-0.26333
