CD4	CD8	nB	NK	Mn	mNeu	m8	DC	Eo	Tr	m4	Mg	Er	mB
0.001	0.326327	10.191192	6.790594	11.752246	12.988843	7.827688	1.502478	1.060461	10.935977	7.323321	7.504602	11.242429	10.552842
0.001	5.402613	8.956658	8.16194	0.300054	14.380634	10.860297	9.399522	16.310649	0.516588	10.680005	1.806382	11.606989	1.616671
0.001	1.477815	4.572492	11.346076	9.579681	11.124319	6.664207	11.295019	5.463649	6.522972	11.156027	11.521497	7.678495	1.596751
0.001	10.068223	4.499688	0.532087	5.279284	10.915945	0.982252	17.435156	1.396147	1.576639	5.665839	6.111469	17.720973	17.815298
0.001	15.393601	10.168049	5.560196	10.796834	2.806668	2.044418	2.757182	5.984238	1.019001	16.983487	14.80632	1.648874	10.030132
0.002154	5.167541	8.479689	6.583352	10.62519	11.412274	11.487961	8.049997	7.00686	9.145018	3.038331	6.974437	7.969293	4.0579
0.002154	1.655592	1.373401	15.621036	10.24836	1.584429	13.8288	11.708357	8.245599	2.275597	1.67169	6.79289	12.355052	12.637044
0.002154	13.176347	4.177883	11.731613	1.549775	15.825127	12.059917	1.608186	4.510135	2.003118	7.256915	5.590655	4.659395	15.84878
0.002154	9.435822	4.710974	0.11648	1.711369	10.780509	11.475702	6.903462	10.118941	10.221598	1.221226	7.871537	12.689295	12.74093
0.002154	5.179462	12.505331	9.279126	8.392102	10.678417	0.608668	7.336129	11.397873	11.624083	2.513232	4.547027	7.281304	8.65509
0.004642	13.491356	11.859334	5.329136	4.03306	5.165877	13.040006	3.32623	14.418305	5.158278	3.075802	7.615079	1.953034	11.529862
0.004642	15.78025	5.819437	0.355808	1.82397	8.555261	8.746083	9.40917	14.186879	6.941408	12.774892	7.513893	0.512088	7.576219
0.004642	6.857688	13.112574	0.64436	9.65538	2.705407	7.870991	8.249715	5.900744	9.392128	4.360749	12.860943	6.337369	12.047311
0.004642	2.963622	12.272054	15.002538	12.279006	6.104156	11.409908	2.11744	13.128887	4.04114	10.454893	3.114929	5.851892	1.254892
0.004642	8.61909	14.099698	2.660898	3.710915	10.066766	6.369923	10.305962	3.797579	4.094062	3.437167	16.483362	12.561098	3.788838
0.01	6.440279	10.599563	4.228386	12.923818	7.730256	11.398502	2.40938	11.32142	10.044624	3.562833	13.114292	6.012497	0.204151
0.01	15.451229	14.722597	12.846883	2.04133	2.372461	11.294676	0.007265	0.906708	12.474755	10.374663	3.9397	12.798669	0.759063
0.01	14.483105	11.111714	12.039084	0.609775	2.57161	0.102386	8.505144	2.890853	18.636393	7.382093	14.789809	2.129192	4.738844
0.01	6.787046	9.573252	4.21155	13.61207	12.453069	3.503639	9.076547	0.132557	13.476977	10.149284	0.679466	4.305475	12.029066
0.01	9.280591	6.6511	9.719361	3.151878	16.923876	4.703571	10.802921	12.831816	3.094321	10.166065	1.524173	8.839463	2.300866
0.021544	0.099997	9.725592	5.379154	6.991677	10.883401	14.980868	11.260529	11.238054	3.378822	5.884507	0.826914	15.402848	3.926091
0.021544	8.483407	16.483494	0.369955	3.709294	5.460768	4.36014	3.668381	9.020917	10.295376	0.283267	18.10163	16.742483	2.999342
0.021544	5.517372	4.151625	0.52309	2.228202	5.653034	10.377118	0.821913	0.96169	9.034764	17.486825	22.099205	6.878906	14.244712
0.021544	0.125249	4.637725	10.770801	14.4021	3.059594	12.02283	15.618223	14.015171	0.819617	7.13025	3.466843	9.35926	4.550792
0.021544	1.467125	8.357481	7.765139	1.006611	4.164898	11.720168	4.294501	14.622175	8.168665	15.017261	9.313641	0.595254	13.485535
0.046416	4.631235	0.951699	4.120788	12.801279	1.916711	10.381354	7.168272	10.958627	2.473627	0.337294	15.284182	15.607548	13.32097
0.046416	0.311092	14.226744	2.897504	6.705549	8.618131	13.065041	7.601892	6.221535	2.215614	14.519604	8.59976	0.317777	14.65334
0.046416	6.449951	6.653005	7.221795	5.115845	10.377827	7.391558	9.521404	0.587501	10.480948	3.233648	8.297714	12.123126	12.499262
0.046416	2.678004	3.558198	10.433993	4.933311	5.460865	14.515846	3.689102	12.21053	9.823086	6.032985	5.441459	7.518553	13.657653
0.046416	4.423154	11.721307	12.770845	1.974635	3.354957	9.089245	7.070553	9.056196	5.367384	10.577017	4.218229	10.227226	10.102837
0.1	11.662817	11.265162	0.124877	13.618075	6.647559	3.828068	17.028093	3.496551	6.899459	2.414528	8.384976	0.199072	14.330761
0.1	5.259802	4.821709	7.79506	8.933851	7.864234	4.456653	5.422951	10.108349	11.946221	12.411744	2.132148	6.056242	12.691039
0.1	12.882754	3.813132	10.177197	12.3973	1.114478	5.278697	11.215817	3.290513	11.832678	6.070802	6.960426	9.818644	5.047562
0.1	5.581629	4.239351	14.594428	1.538996	7.387716	12.535977	5.257162	9.464939	14.068391	5.967234	4.009515	14.050765	1.203898
0.1	1.248037	11.400539	5.317662	0.022545	9.271599	13.448351	1.007981	5.291603	15.372463	7.672752	14.516684	9.876758	5.453026
0.215443	12.356668	9.598549	0.701595	11.241486	3.33397	10.011462	2.719173	4.738569	13.566279	8.887267	13.555349	3.48658	5.587608
0.215443	7.25344	9.094699	6.815244	6.85463	11.244698	9.480315	13.24382	1.527191	3.872192	10.140265	8.46719	6.10247	5.688403
0.215443	11.536745	2.534472	9.260721	7.591019	5.532198	7.598172	7.971802	5.127574	3.48974	7.56061	11.875938	6.220807	13.484759
0.215443	4.392585	0.674644	3.170184	2.912121	15.214161	14.068876	1.338673	9.428122	0.779469	6.531329	13.36719	14.232178	13.675024
0.215443	2.276855	10.622428	1.052918	13.338831	7.759897	3.813477	11.188684	11.713916	1.106211	2.676501	6.849476	14.653857	12.731506
0.464159	10.690508	10.416678	11.311525	5.155482	5.911657	7.811126	10.532098	4.875413	3.795769	6.035015	12.075821	3.252395	7.672354
0.464159	1.484012	6.554925	8.487407	11.966301	9.508352	0.855892	8.833126	8.274364	5.912351	6.793569	3.314428	14.122414	13.4287
0.464159	7.692773	12.506277	4.998684	3.060679	15.528336	9.605364	5.432369	12.55511	0.105275	12.564571	0.034245	3.414906	12.037252
0.464159	13.553538	3.109414	4.842963	1.325329	3.568267	10.867171	2.090806	14.148262	12.421921	1.371966	3.223257	10.882147	18.130801
0.464159	11.811811	0.122654	7.207333	11.079619	4.85289	6.128442	3.074769	4.541488	7.177113	4.657281	11.680654	14.724649	12.477138
1.0	4.679392	3.427253	14.759836	7.514879	6.251986	13.124637	11.591933	6.248865	0.685259	14.732517	9.379873	2.039874	4.563697
1.0	1.912776	14.871373	9.033559	6.798256	0.331696	6.711656	5.063608	6.733559	15.99458	9.716284	8.7866	11.571975	1.474078
1.0	9.716418	3.76242	17.289399	1.68119	12.938209	8.893733	0.354809	3.535238	11.753525	0.347752	0.560124	11.68485	16.482334
1.0	9.524121	4.522788	14.109553	0.696659	0.73027	13.156189	8.969075	5.038544	5.417835	1.205202	11.093003	16.907386	7.629374
1.0	5.939315	8.541952	10.457293	3.110433	2.963869	8.002041	14.141029	7.071562	11.472778	11.739021	1.461891	7.169017	6.9298
5.161735	0.001	15.060341	9.024716	10.524255	13.540694	0.929157	3.389117	4.852123	9.301256	15.712763	8.786806	1.607319	2.108717
13.359325	0.001	3.757837	11.138987	15.397953	11.882038	2.10024	0.619559	0.06946	2.470737	1.786731	13.754004	13.846377	9.815753
4.446496	0.001	3.627404	9.454225	2.65573	4.354516	10.771367	7.489776	5.295031	14.036011	12.430939	13.334495	5.911306	6.191706
8.620546	0.001	6.995803	4.891203	6.265325	11.306612	7.86898	7.764221	5.432778	8.550667	5.746667	10.53493	7.367035	8.654234
18.612526	0.001	14.396085	6.934247	11.262702	1.287785	9.758599	3.4268	5.038885	13.544538	5.673781	2.363803	6.406889	1.292358
17.793615	0.002154	8.694414	3.559413	8.624917	2.319774	1.524729	3.917991	3.792185	9.408017	11.330704	16.192775	10.063234	2.776077
12.802971	0.002154	3.276346	8.348632	13.919099	9.647537	3.11334	3.261608	9.351914	14.604272	4.524689	10.262099	4.593089	2.292248
7.713726	0.002154	13.469661	15.956618	6.864243	2.142436	6.22384	3.063037	5.941019	9.732622	3.786489	13.006311	6.210749	5.887093
5.334951	0.002154	4.785257	8.916964	10.847619	0.088006	8.857135	13.130912	9.749046	10.798638	8.806881	5.242954	5.205148	8.234334
2.568918	0.002154	4.262572	10.470598	3.551024	4.940583	11.646765	13.78943	5.616306	8.565762	2.40827	13.630114	10.808168	7.739336
10.91087	0.004642	4.228505	7.303496	10.280804	2.19058	8.968594	7.938972	10.801462	6.51826	6.141917	10.105763	5.364261	9.241873
12.937727	0.004642	12.50628	5.649928	12.034254	8.485468	3.499306	9.498592	12.474208	1.650406	10.913	5.683044	4.27387	0.389277
13.131749	0.004642	14.008892	8.823207	1.609829	8.231422	5.389776	15.842782	1.975016	8.446508	7.557681	0.985287	13.631818	0.361393
0.982316	0.004642	4.555855	3.507818	7.468495	16.957469	9.538671	4.319098	14.119375	5.354648	8.874062	14.371429	4.068305	5.877818
11.667154	0.004642	4.64187	11.52425	3.695977	9.77899	1.832736	11.362465	7.488795	8.937109	4.107562	10.942662	6.449236	7.566553
10.240876	0.01	13.061336	6.610412	13.649281	6.485692	5.028461	10.583491	10.381577	0.579374	8.24722	4.769272	7.266633	3.086377
4.498188	0.01	6.061176	4.587844	13.958547	7.472159	0.396042	10.904231	10.899665	12.195871	2.257077	18.689669	7.687439	0.382092
2.658735	0.01	10.267082	6.746586	14.177622	9.191243	4.346189	3.99201	13.360402	4.173152	6.890988	8.164359	10.807982	5.213651
1.449624	0.01	12.534811	0.737661	6.773377	11.473215	8.25987	10.797711	8.492381	9.038731	4.385046	2.102381	12.788983	11.156209
9.103386	0.01	6.985329	10.375151	11.298336	7.5807	7.610605	3.458406	6.758063	10.815202	9.327889	4.055772	2.695984	9.925177
9.503015	0.021544	19.469445	5.063674	4.541166	2.072674	17.396874	20.227269	7.093881	2.030804	3.222733	0.442003	6.341694	2.573223
0.702419	0.021544	7.704771	15.012216	0.449622	15.452945	4.417119	13.320118	10.750697	4.454374	11.130405	14.453893	1.364637	0.765239
7.191766	0.021544	3.680847	6.796288	12.77973	7.785194	11.475662	1.656083	13.158459	12.007988	8.999242	3.193991	1.945277	9.307927
13.863971	0.021544	6.645971	7.131388	5.409163	8.080358	12.072451	10.483667	2.108042	4.191326	2.930694	2.976441	11.534237	12.550747
11.815282	0.021544	3.883222	13.276337	2.78534	3.699755	10.826603	4.564944	14.123011	5.867426	3.028879	10.095668	3.523471	12.488518
3.82391	0.046416	0.452773	10.743724	10.266132	13.59741	4.258277	0.552396	9.300451	10.663061	6.130962	10.69128	6.504604	12.968603
11.125199	0.046416	16.34269	5.025148	4.979806	16.512771	3.558438	19.071466	3.765491	12.469387	0.022984	3.17635	0.276805	3.627049
14.876941	0.046416	0.993129	2.437183	10.17165	4.78335	9.843908	3.802788	17.319033	10.326947	6.109649	0.283279	14.229335	4.776391
0.809149	0.046416	6.312183	13.06894	4.488752	6.913997	0.375397	2.456194	9.304077	11.447504	4.559127	5.642507	14.790333	19.785423
7.965153	0.046416	9.670583	4.720615	5.097169	11.956338	0.151297	7.340801	8.135878	4.335392	15.252429	10.963441	1.15576	13.208729
11.334858	0.1	3.414364	15.803161	4.100465	9.377639	18.090951	0.245808	7.786725	2.308815	14.945952	0.705845	3.184639	8.600779
1.467913	0.1	13.141024	2.574416	13.81347	13.275591	0.671652	9.860254	6.555328	3.29823	2.252165	8.436397	10.743503	13.810056
10.834161	0.1	9.087331	6.801735	5.762521	4.985818	4.350464	11.561381	10.052003	7.730477	11.022266	8.630131	4.902855	4.178856
4.621964	0.1	1.454989	14.062976	9.092533	9.448668	5.114835	11.940015	12.670023	9.41847	16.526575	3.258246	1.643049	0.647658
13.96942	0.1	9.522689	0.172835	6.104386	6.23212	11.950202	0.049921	2.081117	12.316489	5.977136	10.328581	5.993168	15.201937
1.886287	0.215443	7.769052	7.171955	3.086531	8.363898	8.886452	5.844749	9.097631	4.982361	12.060755	12.273365	10.144029	8.217492
5.032988	0.215443	4.175159	0.716447	6.016739	9.361059	13.525722	5.634084	15.587545	7.026818	10.223197	1.298729	14.003477	7.182593
13.919883	0.215443	13.204817	4.905691	11.665127	0.351675	3.678394	12.619923	7.281845	6.239737	14.458782	2.770746	0.915367	7.772568
5.191705	0.215443	5.777113	2.196205	2.180783	4.287548	4.911132	13.066825	12.061952	8.970711	11.340056	11.323936	11.840093	6.636499
7.157954	0.215443	8.239871	10.814123	11.427737	10.804336	1.669582	11.005386	2.889832	7.59297	11.375716	0.574544	5.268421	10.964086
9.471429	0.464159	4.289095	9.883803	11.372589	3.821213	8.363471	6.218492	11.508973	1.115768	7.537542	7.688351	9.689313	8.575802
5.30189	0.464159	6.594216	16.655202	14.977384	4.478116	9.880176	11.997484	5.274897	1.699771	8.228911	5.240712	1.60783	7.599252
11.575796	0.464159	3.330577	5.606235	7.868887	12.886779	2.516609	10.422448	10.576977	2.524461	10.860817	11.361456	5.438542	4.566257
1.457382	0.464159	11.355637	5.980014	13.559113	1.071684	1.111556	6.748797	9.742624	1.897902	8.412905	14.912418	16.223086	7.062724
9.210137	0.464159	10.585033	11.5282	2.704033	3.064815	1.817579	7.302982	6.412589	10.1815	3.730636	11.286101	11.803494	9.908743
2.91408	1.0	1.34644	13.913888	5.739612	0.537487	5.787732	17.445184	0.919707	11.736655	7.786564	14.874016	11.912521	4.086116
11.25837	1.0	12.184079	8.756886	14.798758	0.160148	1.462011	3.380708	8.117681	15.710563	0.408361	9.592458	9.820219	3.349758
12.641877	1.0	1.74132	14.832844	6.271754	15.079889	4.823671	11.479008	6.747135	7.755534	0.719359	9.131357	6.097074	1.67918
18.208939	1.0	0.89943	7.3969	3.115287	0.496433	14.765323	2.284598	9.962048	18.764165	8.937621	5.489726	6.224568	2.454962
12.071927	1.0	3.320441	6.603993	1.746412	2.979395	0.987406	12.582724	11.050147	11.314476	10.714688	13.929079	0.321554	11.377757
1.389898	2.324027	0.001	9.677088	0.261489	11.551949	5.503726	10.944286	12.245559	10.298149	3.247994	11.107125	10.269468	11.178243
5.162063	8.057307	0.001	11.364427	9.584316	4.7856	10.851873	9.254139	8.193826	5.279055	9.016507	0.548096	8.129816	9.771974
10.094385	8.861836	0.001	3.29525	5.644985	4.933616	15.551721	2.206091	3.027461	7.333365	13.00936	17.065935	1.096984	7.878011
10.666177	5.829186	0.001	5.522863	11.737025	3.714462	12.794282	3.337499	11.126212	12.285056	7.36176	1.454464	7.046166	7.123848
6.60463	11.594433	0.001	12.300255	8.156717	2.88866	4.536872	9.978867	3.332396	5.213417	7.414116	14.967023	12.782717	0.228896
9.947742	9.384463	0.002154	9.22446	11.783638	9.898996	2.816233	3.096778	7.467753	2.234472	12.54744	4.706056	10.177749	6.712064
12.538138	2.365837	0.002154	2.039308	6.131705	11.681349	8.004305	12.435665	13.223673	7.80888	4.210795	9.104677	1.346974	9.10654
0.736617	8.058012	0.002154	13.607177	13.519714	1.865992	6.509768	13.74579	11.482033	6.291377	4.317762	14.973664	3.134489	1.755451
7.27792	8.585625	0.002154	1.603057	13.835093	0.447035	6.535177	11.179517	12.817822	3.925008	0.645801	12.106902	11.761477	9.277411
0.498926	1.599664	0.002154	2.019949	19.697464	4.044665	15.7218	2.312409	11.986946	8.129868	13.244081	1.566196	14.920728	4.25515
0.286828	8.592878	0.004642	12.891689	12.037405	7.054381	6.2882	6.839421	7.669228	13.268227	1.478811	6.590925	12.394627	4.602739
5.320818	11.611487	0.004642	10.399924	9.143643	12.148717	10.126156	7.962137	3.413647	2.619363	5.752484	3.021339	13.42168	5.053963
12.233337	3.154483	0.004642	9.661175	3.89027	6.153796	10.265275	12.041404	6.707142	9.667824	5.228575	3.026709	10.940121	7.025247
3.623713	2.386505	0.004642	5.032721	8.443273	9.870447	6.055479	4.542702	12.067563	11.061027	2.170923	13.327808	12.142291	9.270906
14.205731	10.08891	0.004642	2.905952	9.437252	0.66965	10.845221	1.084077	3.852875	11.472738	11.54326	8.595454	4.304356	10.989884
12.306311	6.481084	0.01	12.131074	4.259307	10.199784	0.58015	3.66611	12.849595	7.677355	10.302673	4.553535	6.194472	8.78855
10.152627	2.24621	0.01	17.487224	9.015798	8.273612	7.443769	7.028164	4.924516	13.057016	1.958267	6.727287	4.071402	7.604108
4.7134	6.351195	0.01	13.539268	9.254049	3.016689	14.441854	13.649016	1.312386	9.70361	10.567955	2.702438	5.769519	4.968619
1.084005	10.889587	0.01	11.809947	3.085699	7.676349	6.992638	10.566767	1.418094	12.560244	4.188921	11.334815	11.184159	7.198776
6.40738	9.443975	0.01	13.7249	2.275958	3.573824	8.765582	13.87355	5.039416	11.824831	1.948279	3.541967	5.118263	14.452076
0.833187	6.058458	0.021544	5.720488	6.907083	0.446757	0.981213	12.765605	5.816674	15.397169	14.95791	11.977256	1.252498	16.864159
14.98948	5.82971	0.021544	7.360273	2.050796	14.491017	13.213203	3.77981	14.87906	6.451742	0.399849	1.43185	10.55004	4.551626
6.324109	4.70956	0.021544	10.793094	10.320941	4.800476	10.264578	7.450062	10.648831	7.907248	5.730366	9.881617	3.26431	7.883261
4.115662	8.418441	0.021544	10.043587	6.507931	8.788639	7.162622	2.857219	12.857331	11.366782	6.514648	6.392036	12.96197	1.991586
8.772715	5.91215	0.021544	12.302917	13.386359	1.461708	8.637846	4.964943	6.889481	2.031894	0.824916	11.066969	14.972445	8.754111
2.223361	14.219802	0.046416	10.55567	8.520772	2.375105	6.178393	7.305332	7.375666	4.806138	14.377837	2.769335	7.724744	11.521428
9.180133	4.424748	0.046416	10.911153	5.123396	2.926174	7.850066	11.188799	3.027589	4.464671	10.901524	9.49482	7.866525	12.593985
9.964534	8.019422	0.046416	13.405438	5.536144	6.89365	4.325442	0.051928	10.030667	8.770959	8.595121	0.589483	12.518662	11.252135
3.253777	12.001937	0.046416	10.218746	2.871007	9.158076	12.371538	3.943161	9.662095	1.419746	12.347371	10.212816	8.757816	3.735498
3.952348	11.075676	0.046416	12.844654	10.864607	1.198057	7.848564	9.517983	1.854593	4.758794	0.330318	7.057071	13.279864	15.371056
4.026717	3.697808	0.1	6.429702	10.432575	14.465547	4.512212	9.507767	10.794522	10.183989	8.352396	4.415286	0.371185	12.710294
9.82209	11.42836	0.1	12.927802	8.331921	5.312956	6.140813	9.720668	3.47458	2.388279	0.257581	7.848419	12.684302	9.562228
5.523353	10.447884	0.1	13.247827	5.814665	2.678174	1.730055	4.509752	11.69818	12.206494	2.72461	15.257954	8.440964	5.620087
2.410525	8.896237	0.1	9.089766	5.259593	12.020285	1.108214	6.579621	2.808029	10.790562	10.176838	8.771848	13.447555	8.540926
6.200489	2.30649	0.1	7.345811	1.9117	7.31432	9.400815	12.982878	6.448257	9.16151	6.766865	5.765946	11.462965	12.831953
12.936717	3.404635	0.215443	6.167545	13.095194	10.476336	4.42762	4.420647	12.597962	10.002076	7.958599	8.489183	5.237966	0.570077
8.124599	12.263166	0.215443	12.222722	10.095077	5.846235	4.807573	12.527446	0.681272	6.45487	1.605602	9.973902	9.677214	5.504878
15.345129	10.161942	0.215443	15.07671	4.550074	0.418288	0.92208	14.337121	7.151565	7.085719	4.490202	5.379006	9.026495	5.840227
4.954574	10.899971	0.215443	10.529409	0.028013	12.535076	11.31232	12.096801	7.537692	4.606448	13.278239	6.490304	3.532265	1.983445
10.870161	1.937557	0.215443	10.395722	5.256021	8.733283	2.544926	8.739605	11.924099	2.974316	10.953451	8.58904	11.806022	5.060354
6.028337	17.368857	0.464159	3.201188	3.312072	9.46829	2.240775	15.192027	5.367413	14.59545	3.049914	1.878808	13.21444	4.61827
7.989726	13.756103	0.464159	2.532383	15.57895	8.856838	8.068338	5.023809	14.232677	4.645546	5.415651	1.230022	9.183783	3.022017
5.15354	13.684625	0.464159	11.448805	8.822874	11.527382	0.749917	10.519918	9.748525	5.545222	8.981623	9.310704	3.834566	0.208141
3.782537	12.70449	0.464159	1.871207	13.275066	1.82279	6.602782	11.472451	8.759697	3.030873	7.406701	16.465916	4.648847	7.692485
7.812031	12.686679	0.464159	8.741212	8.290138	4.684749	11.465553	10.489316	0.255033	9.813389	3.252027	8.965206	0.950092	12.130415
4.64136	7.664093	1.0	6.344132	8.168709	12.329297	8.368571	9.898873	1.072787	8.382707	3.903256	7.539704	13.330304	7.356207
8.065172	4.16686	1.0	6.655005	9.766144	9.258326	10.180416	7.587344	4.458069	11.500075	1.693775	4.900931	9.744516	11.023367
2.998041	9.750095	1.0	8.85486	11.756293	4.640156	15.686336	2.084952	2.02831	5.931137	12.997086	7.763354	3.286922	11.222458
3.293684	8.69445	1.0	13.285976	3.13377	12.447682	8.832912	8.682735	7.347088	12.380731	2.924141	3.895364	12.479303	1.602164
1.928532	8.415445	1.0	4.116549	11.735561	9.410961	12.458228	12.877224	9.534598	7.623507	10.59672	5.393776	4.170556	0.738342
2.820032	11.605138	7.026496	0.001	1.768217	2.627772	10.051137	14.045607	14.894432	12.718864	1.458841	1.47135	12.232675	7.278438
14.375273	2.086704	13.289851	0.001	4.870724	17.516821	3.213469	0.74967	18.346029	0.750246	14.672544	0.953876	7.979412	1.19438
4.064738	9.609976	8.530235	0.001	6.034938	5.570916	5.852477	2.257681	1.539826	14.654636	15.125966	7.155732	5.806555	13.795324
12.307571	12.287064	0.597126	0.001	2.243096	3.09982	9.983341	8.804118	8.628587	14.753922	0.797964	13.873706	1.628053	10.994633
4.494707	10.991629	4.456556	0.001	2.671386	11.98096	11.122072	11.60775	0.199039	11.816383	3.826327	8.098312	6.298023	12.435854
13.1627	2.314929	12.965834	0.002154	8.17969	7.82338	8.445851	3.223945	11.960734	16.229324	0.292092	6.33052	5.656024	3.412822
11.192321	5.4672	7.950478	0.002154	12.42417	0.070744	11.311017	8.089934	0.786686	0.043883	8.927294	13.583407	8.226606	11.924105
7.289187	12.777499	14.106089	0.002154	1.446309	1.209708	12.417879	1.157116	9.187399	4.05439	13.537672	11.310348	11.100268	0.403983
5.283247	9.515761	4.372104	0.002154	9.700424	1.354539	8.496424	2.28096	13.742444	7.364122	10.871597	6.885543	12.100614	8.030066
6.316851	3.753355	7.319977	0.002154	15.031637	8.486617	15.699253	2.45162	13.3906	2.844755	0.07322	11.344335	2.337958	10.947668
4.469786	7.356748	14.179123	0.004642	13.120677	5.588969	8.237339	2.568438	0.012104	5.933927	3.829252	13.305009	14.078476	7.315513
6.778	11.528708	0.080998	0.004642	9.914037	5.262326	12.378863	14.355767	4.518997	8.346759	11.012254	5.970738	1.310549	8.537361
16.999	11.547872	15.38311	0.004642	1.50298	1.167165	3.229386	15.666354	11.016894	12.226294	2.744722	4.142642	3.768279	0.600661
3.083394	12.242648	11.791595	0.004642	4.012027	5.245168	12.707603	12.757771	7.803713	9.534444	2.620774	3.767366	8.868176	5.560681
0.375301	6.450787	11.707068	0.004642	10.640123	5.786472	5.702597	8.048745	9.804072	12.336013	6.185105	11.357278	5.525533	6.076265
3.841525	9.581926	12.886088	0.01	8.149973	16.68602	18.350295	4.768238	3.807798	7.993696	0.031267	6.091524	5.730887	2.070763
2.65269	5.66357	15.122499	0.01	5.698105	3.0779	11.974803	11.304809	3.949062	11.476322	3.766452	9.013659	1.996012	14.294117
4.135658	11.258345	6.584522	0.01	4.071564	3.306984	1.666311	1.278139	11.056109	5.840314	14.542769	15.035447	0.684527	20.529313
12.440104	7.47463	3.786879	0.01	9.883425	10.17488	10.423265	4.180376	1.549836	6.995609	4.149983	8.764823	9.847569	10.318621
5.079533	1.596586	5.025566	0.01	1.793334	14.505887	7.942551	11.781543	0.20059	10.299495	11.544128	8.675494	12.281271	9.264022
4.548192	5.991424	12.037568	0.021544	5.486845	11.72249	11.625787	3.449059	12.888814	7.836502	4.520389	4.836139	8.658347	6.376899
0.649499	12.450517	10.436423	0.021544	16.263699	1.762378	2.273048	2.206593	0.167596	22.386347	0.281131	19.596462	8.47606	3.028701
10.88386	5.430943	12.745109	0.021544	1.99552	1.909211	6.177622	11.785473	12.036312	6.503485	9.0918	6.335083	3.266951	11.817087
11.937938	10.658367	12.280646	0.021544	8.748029	11.552411	11.212255	5.271054	10.136851	1.417597	10.131188	1.824782	1.216248	3.591091
14.115448	7.960004	3.256474	0.021544	2.673619	16.847407	0.994977	9.125626	6.760965	13.086637	3.28947	1.96056	14.827553	5.079716
11.972749	5.326802	14.875705	0.046416	12.772485	3.439533	0.989286	0.058177	13.041427	5.022342	12.667872	2.399672	13.805641	3.581894
5.473236	7.274503	3.196105	0.046416	3.265029	8.249629	4.537947	8.36211	10.284066	11.00764	10.379021	9.358914	10.362528	8.202855
1.635528	9.934231	5.71501	0.046416	6.378944	2.267809	13.270707	11.653812	3.418388	6.475316	10.691213	9.591382	7.445457	11.475785
14.626952	4.146553	7.249391	0.046416	5.722294	13.809225	2.87004	10.238946	15.393817	2.857659	4.539115	11.055504	2.670107	4.773981
14.028397	2.57178	2.428406	0.046416	6.691229	1.578581	11.955968	13.92848	8.414172	1.675811	8.959916	3.305506	11.896513	12.518825
9.620904	8.044592	3.596826	0.1	8.553121	1.298306	10.259245	6.428979	12.740308	14.010958	4.340915	1.570282	13.107298	6.328266
8.429314	12.550511	5.914004	0.1	5.91261	7.971725	4.049184	14.402527	8.80663	0.329932	10.564018	10.058663	5.227563	5.68332
4.801675	10.348927	13.570009	0.1	5.169346	6.386353	9.640302	10.963073	3.0308	7.619898	4.256726	8.83834	7.570131	7.70442
3.465317	15.047376	10.254931	0.1	14.876848	13.006546	7.136183	1.495051	2.555055	9.379	14.435099	3.087485	2.402612	2.758499
20.00906	5.463957	11.924424	0.1	0.212049	1.135094	14.851011	12.959387	1.795152	1.931134	5.179243	8.161381	10.062507	6.2156
11.167566	11.735886	5.495925	0.215443	11.999516	0.425047	8.381405	10.712851	5.165951	7.130842	7.893933	7.811537	2.238041	9.626056
2.774261	9.24376	3.405329	0.215443	12.53666	5.624138	11.579695	5.531165	2.179358	14.113535	14.728076	9.291982	1.269321	7.507277
16.214448	2.76897	8.197909	0.215443	4.618243	15.043859	6.371146	3.881494	2.906717	9.468613	0.660122	17.48605	11.654907	0.512078
8.459045	0.291055	13.272348	0.215443	9.553401	1.649191	7.546325	14.840712	3.180605	8.308308	2.154088	0.052955	15.507004	14.96952
6.311034	10.129194	10.911088	0.215443	9.509941	9.154138	11.938295	7.671841	0.130392	7.290357	5.265158	7.629465	4.299247	9.544408
9.245411	12.355565	3.638505	0.464159	1.022988	11.569931	0.972433	9.537308	13.173586	7.455426	8.449006	10.756886	4.73203	6.626767
1.639878	5.964022	6.588691	0.464159	10.846962	11.242327	13.770589	6.426365	5.232191	3.705859	8.293578	10.292753	7.098101	8.434523
13.510119	4.025515	5.607963	0.464159	12.407666	2.365651	3.319339	16.006085	15.251365	2.802238	1.027857	2.221888	12.888495	8.10166
1.786497	7.538313	11.655929	0.464159	10.774248	7.8779	9.319658	7.650925	11.162107	6.293499	7.976131	13.943589	0.527583	3.029462
1.766323	2.315972	10.185238	0.464159	12.04536	1.547213	14.701907	9.603653	5.028791	9.282604	2.388834	7.673632	3.465798	19.530516
14.192811	4.227464	13.795698	1.0	10.31205	3.73785	8.197482	7.485984	7.869288	11.187037	4.441153	0.952171	10.490756	2.110254
5.694552	8.119373	5.257239	1.0	4.922485	13.40051	11.943005	0.688316	3.514411	1.084977	5.800753	12.437155	14.118909	12.018312
5.954923	3.61312	7.560357	1.0	4.929155	0.166658	10.97245	12.985259	1.310034	9.707973	6.405749	12.89227	10.211209	12.290845
8.855273	11.461951	2.333095	1.0	10.965395	8.188401	11.452473	9.666059	11.276636	9.95458	0.818095	4.73462	2.29161	7.001812
0.78836	5.753814	6.609376	1.0	7.717197	9.075332	5.947046	15.026812	8.166554	12.677513	7.49074	7.687682	5.128137	6.931436
12.446077	7.299624	9.627972	11.173723	0.001	3.689838	5.375694	3.12993	6.953424	4.64728	11.673072	6.385362	7.682733	9.914273
12.577546	12.46369	9.497407	11.246593	0.001	7.272199	6.311139	1.878645	7.889545	5.678955	3.782876	7.346793	0.781254	13.272358
15.215254	0.653308	12.85862	6.763657	0.001	3.909796	2.327287	8.784305	9.410175	8.681498	8.561566	12.477131	5.850992	4.505411
10.223812	12.068278	10.659752	8.559947	0.001	3.564203	7.687283	14.025675	7.861587	2.370563	7.112143	2.280115	0.442667	13.142976
3.076743	6.575541	10.494373	7.479735	0.001	10.73433	13.683057	13.931046	0.630345	5.340922	5.109842	10.829375	7.976529	4.137162
5.100159	9.235187	6.312089	3.005735	0.002154	14.76202	5.864763	1.736605	11.833815	11.296167	4.885298	10.175911	14.950824	0.839273
7.582847	11.857187	6.921366	9.211221	0.002154	5.481755	13.240407	2.439524	6.753943	13.024191	13.237641	1.278407	7.712272	1.257084
1.975505	0.096965	8.524547	12.713132	0.002154	1.068088	11.38653	6.699992	8.242758	1.560568	13.734573	7.01101	12.258423	14.725755
3.891223	6.082336	12.742227	11.977646	0.002154	9.26748	8.869506	2.792315	0.713948	8.107427	6.539424	9.595263	9.16921	10.249842
12.789914	7.894663	3.944989	7.987244	0.002154	11.23139	3.924887	5.554202	7.598042	6.44807	3.811385	10.154728	6.256449	12.401884
0.247591	10.160742	12.248022	5.845533	0.004642	9.121358	8.838553	11.295733	11.489286	9.944044	3.453915	10.464693	6.553122	0.332766
14.386919	8.698046	3.205115	4.148159	0.004642	5.811788	0.270082	3.797251	13.660204	6.883024	2.029173	9.798544	12.079735	15.227317
2.717477	3.022936	9.575443	5.874274	0.004642	11.261537	9.243543	1.982588	10.664579	6.604537	7.093248	9.95327	11.026163	10.975762
11.519281	9.468494	12.559881	8.907718	0.004642	11.76478	1.868833	0.623852	0.262874	7.615351	10.609514	11.93615	3.787296	9.071336
11.085246	2.095475	12.759527	0.878151	0.004642	0.411677	18.782476	11.741143	6.39826	11.384204	1.216412	5.707758	4.702922	12.832108
7.406308	5.00375	15.799195	6.014218	0.01	5.617201	0.531808	10.389088	15.651164	0.948578	5.281759	0.370773	12.523901	14.452257
9.228496	6.450925	6.137449	9.91756	0.01	2.475663	9.69009	11.423283	10.091176	11.678033	6.565659	10.411844	5.527313	0.39251
14.13662	4.408076	5.544632	2.384857	0.01	11.823609	5.328773	8.09583	7.58572	14.215922	15.804105	2.783129	1.983194	5.895533
15.731875	6.737391	11.348482	3.570034	0.01	1.260182	9.085377	0.136646	7.16208	5.477577	0.291318	15.933758	16.289548	6.965731
11.569322	12.53106	6.099686	9.614788	0.01	8.22658	5.682112	6.91761	13.159974	5.107738	10.610416	0.472918	6.563464	3.434333
7.904515	11.537477	5.094715	7.702647	0.021544	5.865995	6.10455	10.582484	7.182246	0.464482	5.076773	13.035446	11.099267	8.327859
9.189343	16.665919	2.395356	17.325629	0.021544	18.518952	2.830815	7.728875	2.623926	1.025668	4.049545	2.761442	12.950867	1.912118
7.153031	14.380666	12.358537	1.947972	0.021544	2.639383	10.952059	2.18561	5.399004	2.333395	9.639704	13.253955	7.428087	10.307054
0.675032	7.001543	3.174437	12.535069	0.021544	10.099511	9.989408	12.202235	10.066928	3.058731	0.575842	7.603544	9.78646	13.209716
14.088401	13.018459	7.331897	4.919594	0.021544	12.965864	0.242959	9.27646	0.615569	11.307697	1.33835	9.870775	10.130576	4.871854
4.246556	2.272027	15.104319	13.526678	0.046416	8.17726	1.911117	11.869537	7.470123	4.443612	2.499361	3.282202	14.502761	10.648029
14.922846	9.080921	8.306849	4.546617	0.046416	9.38717	7.241714	9.171865	4.330888	0.129488	1.972052	12.496057	10.312416	8.054702
0.688688	15.580756	4.102093	0.764222	0.046416	1.233901	1.558254	13.284708	15.234603	9.012568	13.280736	8.280121	3.753073	13.17986
12.085802	12.209232	0.577136	5.082517	0.046416	13.560318	10.640213	9.739555	4.132583	0.478165	11.659647	5.132368	3.36253	11.293519
2.915289	10.498556	5.391414	15.019807	0.046416	10.749015	1.623644	5.588651	0.038006	15.201373	8.530082	1.753712	8.756434	13.887601
4.473341	15.82855	11.527052	8.859458	0.1	4.074985	3.619105	6.911571	6.253503	7.892499	14.443499	0.136382	11.924246	3.955809
2.347383	1.258434	5.117854	13.716695	0.1	10.156915	9.601454	6.172924	9.580409	13.391128	13.009863	10.087157	0.554405	4.90538
7.368413	12.998214	10.854556	9.333448	0.1	2.673254	2.600616	4.446615	4.82128	5.61743	6.994265	16.680532	11.460889	4.050487
10.543195	5.09255	2.506253	12.18165	0.1	0.503085	12.866892	13.787517	4.943518	8.009017	8.678558	1.996469	5.977557	12.81374
5.506592	7.393429	10.044393	7.991536	0.1	4.482263	1.974179	9.391245	13.504519	10.093748	9.429816	1.82468	13.874223	4.389378
8.745502	0.748324	10.586666	9.565786	0.215443	8.491456	6.906803	4.111242	4.853762	10.275843	8.77905	9.294864	6.968143	10.457117
11.326867	6.823331	11.969842	10.644423	0.215443	2.714622	3.792123	6.520108	11.363815	6.67789	10.136466	10.815663	4.361854	2.637554
5.922678	9.609665	3.143093	0.385768	0.215443	19.461744	26.070844	3.813457	0.752399	2.538862	21.256507	0.771155	4.776241	1.282143
13.18404	9.222385	12.676473	4.582162	0.215443	7.465928	9.366666	3.083068	5.352434	0.771431	10.179435	13.870165	8.410452	1.619917
7.342503	3.658311	4.403575	11.016698	0.215443	6.595326	13.231455	6.288	0.038276	2.910315	8.627859	12.301151	8.918739	14.452347
16.46961	7.665986	16.700704	1.062326	0.464159	5.73083	3.419642	8.858098	2.56285	5.419451	2.306536	16.763631	5.200263	7.375915
16.205817	16.377247	4.470842	13.491635	0.464159	13.854939	11.259802	0.36454	0.439355	11.541735	7.67277	2.912489	0.143968	0.800703
8.318747	4.204167	3.444083	9.069925	0.464159	13.247898	7.357571	11.728854	10.029284	1.369071	8.92199	8.102734	8.333058	5.408459
6.26251	19.965434	15.276225	0.223268	0.464159	0.330982	0.471341	1.555588	4.087483	10.246838	20.630047	0.668539	15.256795	4.560791
12.355418	12.096571	3.148512	9.091425	0.464159	11.876954	4.294214	0.857723	2.830751	9.02698	11.544616	10.638852	11.527324	0.246499
12.200539	10.652952	4.023471	5.829344	1.0	5.982366	6.097261	10.586346	5.551703	11.313423	11.93267	3.544265	6.881213	4.404447
10.695896	12.391434	0.501349	3.166007	1.0	10.542185	14.842739	6.764885	4.530393	2.64649	12.646192	2.597962	2.395459	15.279009
11.238906	1.015493	12.018687	6.554156	1.0	11.143782	9.760012	14.741109	0.56794	1.445414	6.434992	5.74307	3.243308	15.093132
6.842687	2.895281	1.093334	3.861956	1.0	0.648178	8.173263	12.456008	10.006063	5.025351	14.619566	5.471681	12.753209	15.153423
1.483475	6.271721	9.937576	7.416302	1.0	8.627675	5.851759	11.90091	2.12786	5.525628	8.486545	13.11472	5.859698	12.396132
8.128595	10.303576	5.904049	9.044961	2.971349	0.001	7.312373	12.771281	3.338562	5.673698	10.988968	7.786498	4.1489	11.626192
6.41838	0.084715	7.474306	5.868721	14.451895	0.001	8.655349	10.897226	11.62167	4.537333	10.600727	14.365632	1.48691	3.536137
1.45268	11.967747	0.548596	5.755011	11.227424	0.001	2.062397	11.589882	11.371887	16.468444	1.734435	1.241962	18.700606	5.877927
3.729704	14.206625	12.182392	12.195374	6.132873	0.001	3.317769	3.413412	13.267172	7.068308	2.942507	7.031087	10.08097	4.430809
9.922009	11.425944	11.364574	3.177429	4.137885	0.001	18.413594	4.259935	2.854724	4.501996	9.142364	3.273309	12.871617	4.65362
6.483429	9.833174	10.102898	4.887499	13.076185	0.002154	9.170181	14.176777	5.676056	2.573546	2.251766	14.781513	5.118124	1.866698
3.697775	12.862092	12.004708	10.952582	2.337796	0.002154	3.02392	7.482631	2.65889	5.777149	17.395066	3.637272	7.672788	10.495176
6.019017	10.79608	11.852544	10.348586	0.020313	0.002154	7.65805	7.455602	12.076253	3.616435	0.704386	15.738044	10.449336	3.2632
11.66983	4.451308	6.780175	12.727992	8.217398	0.002154	10.462858	10.066122	6.841578	7.712201	6.849443	0.975396	1.955283	11.288261
10.530825	8.5101	10.295573	8.640225	7.834231	0.002154	3.417013	10.647179	8.722584	8.802568	1.201087	11.902331	8.928357	0.565774
8.387222	11.079739	1.188218	13.124303	5.744948	0.004642	9.051293	12.327906	4.672317	12.630388	7.819634	4.151107	7.734405	2.08388
4.710035	3.899987	10.537596	10.118119	7.346405	0.004642	1.251156	6.191398	11.369051	11.538273	12.777712	8.195287	0.006499	12.05384
12.091236	15.630991	9.570372	9.762211	11.148426	0.004642	9.952552	6.09935	9.138618	3.091241	4.322252	4.421625	3.210103	1.556382
1.523865	11.286595	9.591842	8.913647	2.57281	0.004642	10.430935	5.347256	12.174978	7.058946	7.342673	12.004196	6.395918	5.351699
6.744189	7.688505	7.950247	0.413607	18.492806	0.004642	5.214967	4.206179	15.275832	7.998146	2.592586	10.449036	8.854191	4.115069
8.276419	2.395433	0.724153	15.30762	3.010117	0.01	4.45064	6.098537	13.478032	0.877119	5.678293	12.558789	14.724696	12.410153
3.07399	16.239587	7.836137	14.139074	12.50404	0.01	2.77442	13.175738	14.954295	2.832174	1.190566	3.580505	4.849831	2.839644
4.140455	2.664533	1.972514	1.046288	2.160974	0.01	7.819096	20.313394	5.321378	5.977029	13.63746	21.848727	4.46165	8.626502
11.142333	21.229182	19.277271	2.819918	6.680895	0.01	1.106023	10.529687	3.367294	4.150527	1.848153	4.680905	9.298887	3.858924
12.425928	5.879113	5.047104	9.122749	10.040956	0.01	5.548872	5.775488	6.762248	6.472474	8.297689	5.331815	6.491918	12.793648
1.289641	1.447737	5.279792	17.265686	5.591202	0.021544	17.31426	13.261911	3.864041	14.922064	0.172627	4.764952	13.785206	1.019337
12.294067	5.061818	5.520831	4.781417	2.003729	0.021544	0.107376	9.686397	11.23057	11.748949	12.725441	6.321394	7.238496	11.257973
9.215302	10.139406	9.221247	9.482412	5.838608	0.021544	9.932466	9.742748	9.074611	0.783024	6.616571	2.036012	7.757988	10.138058
2.947896	11.623087	1.483051	8.887316	10.949051	0.021544	2.162682	12.302139	7.154802	5.079979	10.647539	13.519025	12.962913	0.258974
8.783814	18.820619	12.570482	4.143904	13.95877	0.021544	20.058077	0.012049	1.994331	0.052894	12.122157	2.404407	0.929505	4.127448
0.154508	11.297864	13.282287	14.219261	9.28487	0.046416	5.215482	5.831174	6.685473	0.637593	9.593567	3.331482	11.480131	8.939892
0.105551	7.370729	9.761056	8.708206	4.186381	0.046416	14.653737	12.468181	1.126882	11.77723	13.550813	0.484633	2.779124	12.981062
3.954074	4.749469	11.203297	6.258678	5.207979	0.046416	14.868791	5.546244	6.103193	15.013521	6.597136	5.953733	12.070357	2.427113
0.074786	8.918165	4.366338	9.598654	14.867219	0.046416	5.10858	4.634447	9.57745	12.826985	0.569542	14.710636	10.491733	4.209049
4.69777	10.3893	4.134177	11.893413	5.848352	0.046416	11.733724	8.250589	3.416643	7.914386	3.829427	14.764249	9.60525	3.476305
6.55647	1.90301	7.45608	6.59442	8.382572	0.1	9.316286	7.650634	6.60052	8.853191	7.785615	9.919867	7.85802	11.023314
3.157561	4.065163	12.756668	4.378479	8.502108	0.1	13.825359	0.632673	10.714667	5.400152	11.172077	12.075834	12.83246	0.386797
12.715697	11.460689	4.935116	2.883559	0.4595	0.1	2.158634	6.551607	2.957994	4.949053	12.125842	15.07957	12.1019	11.520838
2.934553	8.560437	7.752793	2.956608	10.042536	0.1	4.021171	12.736235	6.404618	8.561855	9.2271	9.959925	11.384086	5.358085
6.880495	8.765998	6.105959	12.306427	9.439875	0.1	1.191782	0.74324	11.595495	4.822205	11.287927	6.875867	11.453257	8.431472
12.708633	4.54631	4.205776	6.490921	9.462741	0.215443	12.414745	14.530927	0.915841	3.992004	13.659186	1.315241	8.102223	7.44001
4.417488	5.590196	12.614196	5.960588	4.17144	0.215443	2.849803	0.620899	7.087498	5.013262	15.156604	10.741358	12.798672	12.762554
6.956051	13.213501	1.262125	1.068717	4.975574	0.215443	14.168945	13.838991	5.189735	2.829514	7.851163	4.119182	12.001355	12.309702
3.990243	3.784048	13.538275	6.752708	3.728845	0.215443	1.34481	10.130159	7.30417	7.752346	13.218173	7.279272	7.894564	13.066942
12.485532	9.637319	9.241706	2.298573	10.944122	0.215443	5.073273	4.139654	9.022472	12.935281	8.210621	10.52849	3.933634	1.333879
11.026296	10.973716	9.258811	1.914621	12.597507	0.464159	7.195715	4.543817	2.039598	10.606273	7.759662	1.36889	11.884209	8.366726
7.751419	11.652596	4.1789	7.292509	11.103849	0.464159	11.488221	3.339149	8.566905	2.087982	12.22297	2.442574	10.017599	7.391167
12.860586	4.339474	4.200853	0.299614	7.997396	0.464159	3.895021	12.932708	0.330903	1.620446	16.087492	6.072192	15.42828	13.470875
18.110723	6.848612	2.271921	5.110165	9.649904	0.464159	2.578203	13.849633	0.293855	13.619808	4.235102	0.866623	15.061491	7.039802
8.161075	8.386909	4.980348	10.701599	15.348954	0.464159	6.817666	2.263277	14.398345	7.519266	10.285108	1.366336	0.176091	9.130866
12.670687	0.180377	10.816515	3.344624	11.532327	1.0	8.684265	1.880144	5.397869	2.880165	16.602934	2.472768	11.857923	10.679402
8.82904	2.330107	13.561347	5.502335	15.180714	1.0	9.613865	1.804512	13.076439	0.764965	8.630773	0.112231	14.917211	4.676459
11.874031	11.145039	3.827833	8.035511	10.2499	1.0	1.313716	7.226574	7.436893	5.453756	7.602668	11.966992	3.157372	9.709715
2.864052	4.873168	13.015085	10.566984	4.60031	1.0	1.217609	2.229148	12.457305	10.393224	1.144582	11.049813	12.516602	12.072118
1.23908	4.887753	13.718366	9.910936	9.330411	1.0	10.660688	13.140846	7.380518	0.085334	2.634503	10.421852	8.753834	6.835881
13.200194	13.907902	11.995983	6.468527	1.795942	4.475612	0.001	7.954492	3.902729	2.253473	5.838836	13.328552	7.614894	7.261864
7.380988	6.283416	0.118102	13.252973	9.234004	10.190839	0.001	8.473156	8.208946	0.788006	13.525938	3.653923	8.68071	10.207998
4.898565	10.480733	0.597232	11.194582	11.310859	13.532486	0.001	8.102902	4.97924	1.558408	9.939498	7.94698	5.773906	9.68361
5.098384	3.132328	9.867888	15.97871	12.108446	5.53067	0.001	1.325096	0.364571	16.071443	14.386003	8.5421	0.742361	6.851
12.16203	0.125423	10.923384	3.027434	3.364765	12.535419	0.001	7.644752	9.16771	8.837233	7.556439	8.842335	6.344606	9.46747
5.652799	12.959532	8.815395	3.918236	16.826689	0.051188	0.002154	3.713432	11.385793	16.765707	9.648208	7.50693	2.214161	0.539775
10.156279	5.971054	0.019884	12.992549	7.672562	3.734764	0.002154	7.607568	0.227618	11.359426	9.595523	7.183558	12.607621	10.86944
6.980775	10.637663	9.74968	9.809673	4.35499	13.310163	0.002154	10.902952	11.712497	3.074446	0.716124	5.774087	4.6998	8.274997
12.23727	10.132748	6.897412	10.955227	13.010506	3.382836	0.002154	5.424802	6.550684	6.285743	6.281311	11.94704	2.378325	4.513942
2.999483	10.100674	15.967167	10.129829	6.909881	7.507601	0.002154	4.334342	12.212	15.482108	1.658829	5.515331	3.053048	4.127553
5.499255	0.437072	16.258449	3.672082	8.800516	8.540924	0.004642	9.960265	12.542726	9.287695	10.442821	1.889818	6.218731	6.445004
2.996995	5.360799	13.475083	13.77344	7.841299	2.57028	0.004642	16.049603	1.332799	10.772837	3.503573	14.651907	1.592313	6.07443
5.871198	1.788453	5.744189	6.982929	6.481132	11.26435	0.004642	10.361968	7.865262	7.300752	14.248913	1.548	11.526558	9.011656
12.311428	6.215551	7.680771	5.410438	3.279247	3.205336	0.004642	10.256322	0.174947	12.800019	15.000806	5.807962	15.687111	2.16542
9.040434	1.013166	1.686544	12.748598	11.580469	13.996763	0.004642	12.945043	2.874519	10.959719	4.54557	13.428297	3.775656	1.400579
8.736592	10.204223	2.38063	4.133127	0.025188	14.957733	0.01	4.34353	16.934127	14.549553	13.221962	0.394034	6.673085	3.436216
3.508884	8.811405	6.481627	10.740195	2.852517	5.885321	0.01	2.591539	10.109662	9.329834	9.391876	9.983945	11.168243	9.134951
5.603614	10.012177	0.469011	9.956393	3.55146	9.561257	0.01	1.954617	11.395161	5.732224	11.821813	11.320725	9.975958	8.63559
15.642846	5.47258	7.429323	16.175796	3.61394	2.527379	0.01	2.877734	0.145055	15.673601	1.819727	18.51644	1.999966	8.095612
7.171333	14.765559	1.81159	11.868821	8.998422	6.297308	0.01	11.318036	7.992727	8.776717	7.01383	0.430009	8.158369	5.387278
0.05899	1.025433	18.699357	2.167169	8.043707	7.149465	0.021544	5.020448	13.368872	15.194948	16.66134	3.933842	2.553454	6.10143
7.638143	8.012917	12.289237	15.5913	5.544448	0.897191	0.021544	5.489607	6.995425	1.439639	10.15736	10.510959	3.21407	12.19816
11.371562	1.785577	12.251861	1.961972	10.62313	1.076644	0.021544	11.661175	14.020119	2.519288	9.979202	12.80805	5.122041	4.797833
9.641548	6.889373	5.012012	3.349233	8.871042	2.300991	0.021544	10.054611	8.817192	10.497683	4.012325	9.785414	10.090344	10.656689
15.005905	20.586032	1.081868	4.051516	13.326909	5.229741	0.021544	3.519342	5.242734	0.63039	3.163949	6.459881	5.673635	16.006554
2.385157	3.255167	6.68103	7.328302	6.139706	16.104737	0.046416	13.820466	5.375787	5.756662	6.691557	6.751825	7.939978	11.72321
7.951137	5.344084	7.625311	9.394082	6.339528	1.342311	0.046416	10.39692	12.480199	6.186389	0.252644	3.884542	14.254494	14.501942
4.221557	2.766735	6.891978	10.306813	3.043371	20.920102	0.046416	3.786043	3.90552	2.31069	14.587621	10.874533	2.72006	13.618561
0.963247	15.497345	5.210008	3.182535	10.9316	4.895712	0.046416	5.627282	6.650593	5.548234	17.313464	9.066476	3.587135	11.479952
4.546581	1.970111	5.677625	1.196349	2.090391	14.076275	0.046416	15.257196	17.042029	3.030214	10.612171	10.07014	13.796929	0.587574
0.184932	6.907386	2.002872	5.557128	5.265772	7.382204	0.1	2.676729	8.880663	3.429327	11.657318	16.403796	15.783842	13.76803
11.331259	5.112479	4.153811	2.822832	10.006943	13.308035	0.1	13.009881	15.076216	6.119521	12.932325	1.870881	1.699873	2.455945
10.585154	5.645747	0.242155	0.888889	6.03027	10.840788	0.1	5.907986	3.328449	12.633235	12.495623	11.213992	12.954176	7.133537
0.698622	11.644538	8.627279	2.188505	5.541155	8.13179	0.1	4.009414	11.28183	12.649787	9.198564	13.415427	3.836726	8.676365
12.563437	5.704759	14.963333	7.098148	14.54673	1.777996	0.1	7.459729	10.759233	9.258849	0.460351	6.690626	5.094341	3.522467
10.494712	8.194412	0.167969	4.697509	11.105949	9.290163	0.215443	7.215665	11.209447	8.473754	10.662787	8.63418	7.86114	1.77687
14.927911	4.620056	13.100892	6.677764	6.774993	12.7006	0.215443	5.082045	6.932783	4.890629	3.888481	7.534164	0.455592	12.198647
4.276913	8.463305	7.113066	16.613307	1.732156	3.962524	0.215443	9.822104	16.927419	6.237509	3.969311	7.76956	1.321928	11.575455
5.370086	7.826204	13.895572	10.30152	1.049191	4.045822	0.215443	9.223016	4.452219	10.723767	10.545774	10.474879	4.791661	7.084846
6.073033	2.687764	8.142559	10.614558	8.240655	9.213832	0.215443	9.608036	10.480995	10.706472	7.772724	6.285731	6.110789	3.847408
6.409537	4.07033	16.50991	5.131488	6.396783	14.234991	0.464159	15.722962	9.05913	0.138618	10.484191	2.293792	2.29986	6.784251
17.303587	2.017446	2.867409	12.580672	1.69181	3.809574	0.464159	4.702543	7.428714	6.598576	10.427273	6.209887	3.506206	20.392145
1.183775	7.459531	9.937778	7.050397	4.894339	6.351822	0.464159	7.93897	13.443129	13.516879	1.87922	8.044974	7.22515	10.609878
4.819601	2.409689	0.575663	4.796485	8.823635	14.090233	0.464159	11.007257	9.552997	7.834489	2.050104	9.206649	12.032495	12.336545
8.729656	8.294516	3.356453	8.898911	2.581597	15.178486	0.464159	5.555294	5.491948	13.211846	7.011422	13.843168	4.018503	3.36404
12.930164	7.698523	8.40186	12.596426	8.863893	5.546681	1.0	1.99259	1.14009	1.342464	8.862385	10.048735	6.128549	13.447641
10.418561	4.806338	5.7179	6.907946	7.577391	8.645093	1.0	10.95716	3.298253	4.528257	12.919703	6.84603	11.237874	5.139495
3.103629	8.662875	9.914404	5.684595	6.98314	4.472612	1.0	9.04408	12.237429	6.148048	5.304087	14.185398	10.698434	2.561268
14.936919	12.760582	6.843079	7.598863	1.495519	7.892315	1.0	11.975999	14.115713	1.554238	1.580408	4.440172	1.61334	12.192854
2.338139	9.322287	10.087894	12.621545	8.819783	6.644352	1.0	5.81087	9.641528	1.48378	5.329749	9.76379	11.360015	5.776268
7.680158	2.065223	0.492957	12.782111	5.637139	3.430015	10.223472	0.001	1.94091	11.094197	12.877221	14.511438	8.980478	8.283681
12.381661	11.207602	14.014476	4.16215	0.300609	15.054387	7.18161	0.001	11.672119	5.820998	10.289528	0.268371	1.354652	6.290838
13.630814	1.246275	9.96489	9.562224	7.847703	9.410192	9.315788	0.001	5.090007	13.640709	0.951874	3.328121	2.854715	13.15569
8.618583	0.584209	15.623048	14.754227	15.141854	2.680436	2.865517	0.001	10.332483	1.59074	2.047058	3.69223	3.191439	18.877176
8.407131	13.337876	1.037806	13.213833	0.274183	8.577287	0.323175	0.001	0.292369	15.159812	15.064731	3.776569	7.926025	12.608205
11.797621	8.607151	7.904075	4.145221	11.298462	5.962883	9.174815	0.002154	11.388355	6.425058	6.098422	0.13007	8.302065	8.763648
6.535255	8.557192	13.112313	12.72188	1.941568	8.17601	3.737865	0.002154	9.545996	4.701357	3.89866	11.009455	9.979194	6.081101
2.906023	13.425438	6.713275	5.578596	12.992595	9.420681	11.020159	0.002154	1.549713	5.868534	9.239973	6.128544	3.294917	11.859397
3.300073	1.095266	15.221004	19.271407	2.2411	9.991769	0.292617	0.002154	6.748508	5.173759	22.327163	11.106567	2.348804	0.879807
7.312407	0.129625	13.442988	3.731486	10.314144	10.360448	4.330166	0.002154	3.268595	11.12153	13.963626	3.84063	4.191038	13.991163
6.041269	19.08642	9.751539	0.055095	7.655592	3.701027	0.4313	0.004642	7.851884	1.308473	6.791862	15.154504	8.622631	13.543763
8.217197	10.055945	8.165642	2.902439	13.505055	4.204099	9.771388	0.004642	10.946753	3.241717	2.050753	11.030963	9.12669	6.776718
2.525005	12.138355	4.158358	3.052789	5.591524	8.18739	9.963707	0.004642	9.327048	9.781054	6.071522	11.135496	8.655269	9.407842
8.922669	8.094016	9.714851	9.752629	6.232149	9.027475	2.193467	0.004642	12.259682	8.046241	12.106168	3.557825	9.340051	0.748136
6.946481	0.989221	9.607776	13.16213	11.815036	10.428358	9.75024	0.004642	8.921936	3.485525	6.630897	12.688322	4.073822	1.495614
8.968466	3.535663	10.402654	12.032475	12.394272	12.137513	0.740353	0.01	11.375281	13.700641	4.326515	1.040537	2.0394	7.296231
8.364678	0.403587	2.501386	6.793179	6.782461	5.40242	6.235443	0.01	10.520901	8.174973	9.02106	13.145384	15.45958	7.184947
12.743544	12.72121	12.108662	4.627879	4.041475	0.950716	13.681293	0.01	1.022155	8.081804	11.919468	4.594351	8.992933	4.504509
9.517841	6.477131	7.380547	11.171458	7.644689	12.426439	7.859723	0.01	4.849008	0.029866	4.252987	10.327557	10.563983	7.488771
12.171962	2.624162	1.242696	11.859683	13.49458	8.873363	10.191996	0.01	1.663296	11.120879	2.884953	10.861855	12.996982	0.003592
11.920398	9.655926	7.144221	8.583724	4.136016	2.908667	3.962516	0.021544	12.559653	8.148038	8.827597	10.288445	7.14002	4.703236
4.99069	11.02638	14.051078	8.885888	0.29111	4.637885	6.367405	0.021544	0.633768	12.000215	4.314817	16.203722	3.865591	12.709905
7.202037	2.142404	14.873621	1.00162	0.007645	13.853607	4.286158	0.021544	13.623523	3.678583	0.527483	11.663358	15.007058	12.111359
1.086162	10.412514	5.835484	7.86582	11.180897	11.049627	10.453131	0.021544	11.524952	6.068367	7.898593	7.004409	8.388356	1.210143
3.852715	14.995224	10.926369	3.074035	13.724764	6.186813	1.344191	0.021544	11.133455	6.321328	2.059995	5.737867	6.142897	14.478802
11.453334	1.220734	6.834299	14.047114	12.552365	7.180924	4.238586	0.046416	11.364142	12.302669	2.892871	8.25265	2.143638	5.470257
8.306436	6.063457	13.239813	10.677374	5.329332	2.499641	10.09193	0.046416	9.605488	4.706532	0.83987	9.671058	6.896077	12.026577
10.389814	5.121018	15.535622	3.349207	4.059562	11.583004	5.194487	0.046416	7.689861	12.693166	8.34795	0.785534	14.804985	0.399373
4.116674	7.740606	1.454566	6.127887	8.299886	9.928112	9.815062	0.046416	6.199336	4.55084	1.139631	13.356293	12.666875	14.557817
12.816478	12.931794	3.732553	0.353316	9.727037	15.436714	5.807951	0.046416	12.978496	10.322482	0.404436	4.753223	7.770895	2.918209
6.569347	12.972499	11.153561	10.825021	11.819964	8.821866	2.710113	0.1	1.63889	13.125351	1.318337	16.521351	1.765751	0.657949
11.422541	9.461247	9.279639	3.58553	3.048431	4.265839	9.673731	0.1	3.2341	7.327554	6.79316	11.460116	10.436117	9.911995
16.21795	7.21326	6.375811	13.29483	3.923843	1.413246	10.864193	0.1	0.957872	5.318648	11.439703	11.470879	1.165288	10.244477
14.184625	11.592562	7.029189	13.592176	0.329403	5.826453	12.259713	0.1	9.952454	10.585406	6.594784	6.414422	1.004228	0.534585
4.352419	8.921079	4.866181	8.036445	2.034602	6.828175	1.551966	0.1	10.091985	7.870214	16.096192	4.718719	11.874768	12.657255
6.170021	13.044121	4.129523	3.447891	9.983263	1.975798	1.008943	0.215443	11.106973	14.935838	6.230675	14.32173	8.609974	4.819806
13.921861	4.232079	4.255901	7.229036	12.898289	4.716491	5.583582	0.215443	5.784161	10.459003	6.239372	10.500942	9.083969	4.879871
13.125731	11.94679	2.100639	16.596548	1.834294	11.81147	9.890213	0.215443	2.657692	8.949342	1.741526	8.053309	0.925045	10.151958
8.685953	11.468527	11.939385	10.281851	10.641661	5.69906	3.904641	0.215443	1.928728	2.878839	1.594343	13.678019	7.096376	9.987172
5.415808	6.871129	11.352229	5.8951	4.968844	10.394159	10.8217	0.215443	9.786194	11.731854	0.009711	9.994028	9.024239	3.51956
11.844136	5.150893	13.490006	4.353853	3.692043	8.496451	8.983505	0.464159	5.739109	8.468711	2.594624	8.281233	6.004293	12.436983
2.879452	0.979336	4.609911	3.177647	16.966006	16.258585	6.6453	0.464159	6.668759	2.240081	13.923808	2.173855	9.184736	13.828362
8.769704	6.219314	7.504605	6.701833	5.731184	6.868533	10.686086	0.464159	11.676099	4.924703	8.083225	1.255078	9.51378	11.601698
10.313904	4.198413	9.567075	11.785433	0.772783	7.1792	6.594052	0.464159	12.558104	10.958507	8.289548	6.134273	4.671897	6.512653
9.585931	9.381616	1.140017	11.296664	10.01292	14.049862	2.300983	0.464159	5.743553	14.095732	5.30281	2.873003	11.365752	2.386998
11.222957	9.4524	3.465178	10.425981	7.731586	5.323293	12.464806	1.0	10.162669	9.834345	5.53565	1.439449	7.064675	4.87701
15.36127	7.682988	3.569527	2.281326	13.55436	13.788693	0.967299	1.0	11.80126	14.61174	0.30489	8.838143	4.96793	1.270574
15.579872	16.828727	1.920981	3.054172	9.917836	1.550055	2.981495	1.0	0.895884	16.592567	9.373336	8.656668	2.843919	8.804489
4.741407	8.85729	3.318203	5.311073	5.033401	16.935052	9.406893	1.0	8.681645	10.132432	8.961711	2.355176	13.089364	2.176353
4.846811	5.036874	0.914447	2.173408	12.150699	23.221828	1.769842	1.0	4.643149	14.486955	2.682155	5.941586	10.13356	10.998687
12.332584	8.663626	2.594467	3.6757	0.819464	7.387209	13.928254	18.627402	0.001	7.442282	3.996264	7.375123	4.376951	8.779674
2.930598	11.916346	12.279708	1.090163	13.412732	13.707544	3.284421	4.374925	0.001	7.489109	12.318772	0.968957	8.634014	7.591711
5.85206	8.256563	9.334042	6.181524	11.072927	9.829318	10.690947	5.719376	0.001	0.372229	5.531696	11.250206	7.872597	8.035515
3.359362	13.807046	10.062187	15.069916	0.092955	3.209688	9.357132	1.099339	0.001	7.546866	8.306522	7.225208	9.62395	11.23883
9.841078	3.050397	6.987369	0.670317	2.154806	9.242114	12.082153	8.360039	0.001	7.138387	3.52573	10.679868	13.626038	12.640703
13.47459	9.800415	4.96321	13.464066	6.547387	7.476861	9.690676	10.455801	0.002154	2.793714	12.182685	4.549964	3.150202	1.448274
5.487611	11.903773	7.788962	8.25424	11.812951	4.936454	12.617813	3.20068	0.002154	9.854035	2.03931	8.697177	0.484108	12.920731
7.473827	1.455997	5.688949	6.811946	8.823899	4.324903	2.792011	13.310353	0.002154	10.679666	2.04896	11.148378	12.688996	12.749961
7.345117	5.317412	9.906583	7.043862	7.246784	5.870702	8.553652	10.097133	0.002154	9.244473	8.391347	4.465704	6.315893	10.199183
0.005779	3.79284	4.363271	12.000276	1.013687	9.451327	13.231187	8.546929	0.002154	9.885785	9.747261	9.795358	8.038866	10.125279
6.351751	4.704939	5.671562	14.18648	5.890988	10.466014	7.051426	5.007487	0.004642	8.472531	7.786737	4.258802	5.352592	14.79405
0.03997	1.806775	5.093402	8.458359	4.1371	14.058234	12.104822	7.996518	0.004642	12.187388	8.618975	11.507622	1.959176	12.027017
3.681766	2.678395	14.386595	14.482856	13.900713	0.868737	7.905809	1.975786	0.004642	13.147676	2.190922	5.457448	11.731696	7.58696
12.524573	0.043485	12.661613	11.023857	1.281723	9.077562	1.343415	12.961106	0.004642	10.722672	4.398156	11.161654	11.168231	1.627312
9.527647	1.800068	18.519339	13.220935	2.142845	3.901596	0.454326	12.904523	0.004642	9.434596	3.744467	4.160113	8.188133	11.99677
3.08788	8.970423	1.296971	10.908585	12.942819	9.795041	13.289385	7.461835	0.01	10.291044	9.154915	1.914043	2.304567	8.572493
7.529602	7.912518	9.395967	7.12008	6.345443	11.736647	1.856909	4.425981	0.01	2.665048	5.495816	11.739186	11.809908	11.956894
0.219168	12.801952	7.925394	10.155934	5.499687	1.43035	6.564951	5.247772	0.01	11.15306	14.901323	10.556675	4.364025	9.16971
9.348426	15.822868	9.691751	4.278012	7.415777	7.023518	11.070871	0.297006	0.01	3.618767	6.452581	1.926315	16.425278	6.618829
6.623016	10.75171	8.950816	6.86739	6.977387	7.577876	11.03958	7.452179	0.01	7.661166	9.737663	1.668859	6.147305	8.535055
1.919622	4.769035	1.514272	6.854446	8.254111	3.984105	14.522053	9.77991	0.021544	11.9214	1.499351	7.123299	14.023437	13.813415
7.730298	11.987454	7.725272	8.39136	10.94626	4.204131	13.989847	2.143819	0.021544	5.226529	10.142243	4.14622	2.724219	10.620803
5.571835	12.293358	2.944713	11.988685	1.4119	1.41553	11.483875	7.08261	0.021544	1.694691	10.374729	8.966309	12.341622	12.408599
11.086124	6.984575	10.22485	1.018554	0.903374	11.713438	14.253974	5.487417	0.021544	12.995744	3.063814	3.932321	7.527662	10.786608
7.310402	13.728579	4.799112	1.634918	15.044992	7.036667	4.219887	4.189053	0.021544	15.256207	7.572972	2.404189	7.092662	9.688816
13.529944	13.414471	6.657485	4.974301	1.968986	2.681423	2.954132	13.998076	0.046416	5.948428	1.531131	13.454714	6.097091	12.743402
10.397593	6.619296	3.560678	2.889637	6.175066	15.135583	11.482499	5.017139	0.046416	7.553101	13.300729	7.234254	0.022271	10.565737
7.898298	9.852731	9.610441	4.971821	12.187087	8.144758	12.192197	7.357993	0.046416	4.315725	8.126351	0.889663	11.375512	3.031009
9.553434	1.871406	8.46719	7.941523	3.214469	2.447802	3.934915	8.336822	0.046416	13.576903	13.477442	6.384293	13.039055	7.70833
5.946464	0.612164	1.488452	4.085147	11.856398	13.119733	6.204351	7.885156	0.046416	14.757846	5.24669	9.702819	12.348078	6.700285
4.84717	2.969885	4.822176	10.878697	1.151678	11.269579	12.167063	10.400808	0.1	8.13725	2.103384	6.336608	12.494542	12.321161
0.60855	3.499195	5.837022	9.776363	8.608259	9.805581	5.174292	8.341518	0.1	12.953494	14.446226	10.74562	8.988968	1.114912
15.382202	0.367242	13.735501	12.848578	4.035015	2.801006	12.95428	15.864611	0.1	0.076909	1.541351	11.505216	3.153481	5.634607
7.336919	6.315798	1.964084	5.42154	8.761908	2.150332	13.611706	2.840593	0.1	13.096027	13.329519	9.850135	4.695315	10.526125
0.4013	9.900838	4.610397	5.296168	9.880478	9.888989	6.871869	8.337453	0.1	12.951139	9.338723	6.111999	10.931745	5.378902
10.828266	9.101656	12.593471	2.654472	14.519265	2.726723	14.205215	1.076798	0.215443	0.477956	1.899017	9.108962	12.481058	8.111699
8.807017	11.768018	6.388526	2.579703	6.30219	1.377126	12.182782	12.014641	0.215443	8.870642	3.899596	10.83838	12.834303	1.921634
3.072018	4.855697	9.153105	2.704642	5.56481	11.317118	6.131792	13.269743	0.215443	9.649032	9.31067	5.033679	9.422038	10.300213
6.783493	3.787941	8.56527	6.986601	11.099704	7.94302	4.931837	9.334823	0.215443	10.681277	7.865276	4.95087	11.376675	5.477771
3.658951	5.492776	11.407748	12.096784	13.654451	5.912069	3.678064	5.608579	0.215443	2.376584	8.284099	10.535624	11.673174	5.405653
14.950147	0.635834	9.075829	4.053528	4.171484	10.414518	12.235947	10.784402	0.464159	2.275936	9.926576	7.847245	2.318705	10.84569
11.742195	6.178002	11.704398	8.954378	8.22117	6.998422	4.453245	6.835126	0.464159	5.268861	9.832636	7.312461	7.258965	4.775982
5.758347	10.936936	2.704104	3.573765	10.70464	7.397041	10.61908	9.284492	0.464159	2.026746	12.543467	8.701016	10.536925	4.749282
5.805166	9.760084	15.801688	16.608325	6.912989	0.734766	13.853447	13.976983	0.464159	2.191815	5.708449	0.656554	0.168573	7.357002
2.729916	9.975187	6.369162	11.298108	7.891583	1.755663	10.701212	7.753745	0.464159	10.710019	1.330544	11.930285	9.585677	7.50474
2.354114	14.084044	7.044585	10.849616	0.992733	7.992293	8.927106	8.944121	1.0	6.113803	9.040688	6.766293	12.128513	3.762091
11.040876	7.162438	9.412627	10.241329	7.126728	9.41429	2.853705	8.776463	1.0	4.665455	12.181487	1.906169	7.313985	6.904447
3.175194	11.585554	6.009063	8.991652	1.831808	4.057001	6.996199	11.497186	1.0	7.782469	7.35826	11.322347	10.949151	7.444116
0.357921	0.996325	4.080829	11.097749	13.600497	9.294955	5.212732	8.029732	1.0	1.090722	10.45498	11.235593	9.370732	14.177233
9.536038	2.147376	4.795235	12.822206	3.100108	2.158611	14.159308	15.460334	1.0	7.461935	3.5496	9.867109	9.40172	4.540422
8.602406	4.202783	9.300239	10.783676	4.095767	10.941772	3.293288	7.038206	5.729227	0.001	3.383365	12.93539	13.128898	6.563985
14.086551	2.322893	1.341887	3.649506	6.616607	11.768697	5.480513	3.134604	12.604483	0.001	13.681661	8.211387	8.992028	8.108183
4.427963	4.192946	6.304178	6.783709	1.876249	12.701588	0.228145	14.00167	13.68804	0.001	4.310144	13.013349	7.835253	10.635766
7.1724	10.354202	8.014501	8.054163	1.492508	7.694104	5.4637	2.597134	10.652973	0.001	5.189388	11.985718	9.030409	12.2978
11.949114	4.201357	4.116856	9.714962	12.238241	6.162174	3.584925	13.859377	10.375089	0.001	6.555334	6.258327	3.917224	7.066021
7.585226	4.034013	5.754335	9.375319	6.779671	12.423906	8.763813	8.188735	8.447167	0.002154	4.288453	7.803079	2.132536	14.421593
10.34915	2.06267	11.188088	6.40587	10.341798	4.652215	6.098191	9.678924	6.234335	0.002154	7.581698	4.54913	9.628744	11.227034
6.250283	9.916399	5.06087	5.277996	5.159401	5.646445	9.264994	9.061822	13.442278	0.002154	7.650441	6.969308	11.006472	5.291135
10.84336	6.649499	9.597011	13.358988	5.871569	12.516756	9.054517	1.585375	5.828388	0.002154	2.630634	7.847177	1.219679	12.994895
12.79855	0.959247	1.386754	16.933651	5.519104	9.592339	6.635022	15.209615	17.646707	0.002154	3.905304	5.141706	3.201051	1.068795
3.684389	7.287537	3.876597	8.40485	5.948418	7.754995	8.622017	9.14614	0.930452	0.004642	14.098405	7.534239	12.375592	10.331725
2.992136	15.286851	18.715511	10.682734	3.704554	2.79826	9.839118	3.347704	11.540239	0.004642	9.054575	4.671788	5.005424	2.356465
5.186923	8.427228	6.674467	10.359759	0.684319	1.399405	5.703097	12.936779	0.08904	0.004642	3.963458	16.826489	12.27662	15.467774
3.242525	0.406853	10.213267	4.650481	0.274218	1.435509	11.308415	10.778151	13.24508	0.004642	8.389551	8.688946	13.847735	13.514628
11.790462	6.321871	13.126676	7.953742	1.250873	9.838675	8.948733	1.148648	9.786746	0.004642	3.04906	1.88801	11.058994	13.832868
8.697319	8.636978	10.022328	8.064266	8.198509	9.302279	5.294853	1.74478	1.118116	0.01	10.590752	9.86041	10.642413	7.816996
5.924601	7.510033	13.100895	13.473724	5.811936	8.146542	12.509328	11.341143	9.872453	0.01	6.812054	3.96265	1.366954	0.157687
7.321409	10.095595	3.130793	6.498289	15.133091	4.712653	14.002499	3.746995	1.926268	0.01	12.743052	1.286091	3.318045	16.07522
11.326374	8.477254	4.045995	2.312067	6.813965	9.071783	12.296983	11.584717	13.517584	0.01	1.585057	8.335545	4.146124	6.476552
2.165211	4.592375	1.073271	10.152103	2.176412	1.12484	20.914436	0.895712	1.392006	0.01	22.521249	2.703497	17.948407	12.330481
2.567176	11.381578	6.457778	10.045159	5.59553	7.605964	6.258242	9.75491	3.845873	0.021544	12.227151	10.230843	6.889232	7.11902
13.037873	14.23747	10.034148	1.169153	13.008808	0.327736	2.242968	10.330217	11.394364	0.021544	1.269846	11.184945	11.679473	0.061455
6.527032	8.038476	10.457021	11.741369	13.639918	0.760575	10.023186	4.510492	0.121547	0.021544	1.104119	13.325061	17.085409	2.644251
11.924428	6.942952	10.760064	7.707837	6.932795	13.789522	3.378331	7.617576	0.192159	0.021544	5.785468	0.2854	12.065322	12.596602
1.204544	4.123815	8.727751	6.303505	1.321936	6.176916	16.711072	9.151781	12.673265	0.021544	14.229633	2.358879	13.711832	3.28353
0.694781	4.706386	4.23269	10.500061	2.941135	13.423832	12.810715	6.374571	7.413689	0.046416	6.756119	15.597249	10.004964	4.497392
6.209791	8.766189	14.564379	4.891354	9.744666	7.4024	3.765371	9.520459	0.777395	0.046416	6.464929	15.466074	12.225396	0.15518
3.508502	11.718486	11.861048	14.82414	1.007787	4.730583	1.833105	15.673003	1.830772	0.046416	12.703806	2.586308	2.681418	14.994626
6.8645	4.318116	2.187372	8.234017	8.939757	8.956607	10.634977	11.205647	5.831805	0.046416	11.259575	11.155859	5.989433	4.375919
9.437958	6.488066	8.748904	5.274802	8.732642	6.286285	4.653373	7.905697	6.596788	0.046416	9.727651	5.537359	9.67881	10.885249
6.150197	11.8462	4.332317	10.840885	1.890671	12.56788	7.121325	8.08165	14.079114	0.1	3.207934	2.14763	11.622102	6.012098
12.818637	9.120258	0.082798	12.784545	11.469853	3.609843	6.962772	5.088171	2.632927	0.1	8.042475	6.285529	11.139941	9.86225
13.260935	0.305702	14.65428	7.788568	5.899321	16.097757	1.553256	7.531003	11.402142	0.1	2.393713	7.80412	6.813001	4.396203
1.710616	8.411184	4.342385	5.290129	14.420292	1.392317	14.819207	6.584739	11.721356	0.1	15.447141	1.533634	2.569971	11.657029
4.265904	11.416723	9.170651	6.613559	11.667555	8.827266	11.683105	5.147704	9.135154	0.1	1.535283	6.867848	5.550219	8.019031
4.032465	3.339973	8.704699	7.791688	11.203163	9.161972	6.441471	6.34607	13.479708	0.215443	7.11213	10.320082	6.202503	5.648633
10.408407	0.423591	4.73302	1.767289	2.336465	5.872986	6.817669	9.033116	7.842542	0.215443	14.951098	13.036265	15.342656	7.219453
3.201598	14.785413	5.629047	2.224219	2.714547	4.219405	15.473324	3.280814	7.997935	0.215443	1.533909	16.927231	10.39398	11.403134
9.870076	3.193108	2.261277	6.504765	6.418507	6.331153	11.000161	9.495392	5.063577	0.215443	12.181048	9.869263	8.02892	9.567311
4.598702	6.044218	7.318428	3.095232	11.960467	12.523	5.259722	14.425364	16.205832	0.215443	1.399831	4.169662	1.348665	11.435434
8.038991	10.181604	3.382072	4.366721	5.754625	12.274728	10.955149	11.485571	4.799538	0.464159	4.342343	2.692192	10.288942	10.973365
9.5393	5.474014	0.539364	8.815222	15.357968	0.92588	12.80173	2.076922	10.259321	0.464159	4.090284	1.88104	13.641549	14.133245
11.825552	6.997395	12.228878	6.246933	8.792947	9.138299	7.391519	3.128955	2.448549	0.464159	12.168048	3.198158	11.413248	4.55736
2.083362	1.373288	16.184908	9.082882	10.482906	10.034301	1.307509	9.113045	13.301271	0.464159	0.836549	7.36372	8.713149	9.65895
8.107649	8.084068	5.318281	12.112912	14.595479	4.201427	13.743911	5.151678	3.491333	0.464159	6.00725	8.508717	9.128338	1.084798
4.742713	12.990474	3.849717	6.353751	9.313435	10.11674	9.239268	12.66756	2.285074	1.0	10.295724	1.25607	7.922667	7.966806
7.309741	3.382852	11.452802	10.324555	9.988686	3.486286	3.577651	9.659727	7.709766	1.0	7.607207	3.330045	10.943936	10.226747
10.804438	6.71598	3.00703	2.787985	14.451762	20.280762	6.925839	0.833224	1.678442	1.0	5.211201	1.701567	5.196412	19.405357
11.735686	12.558901	6.770307	1.284695	17.822409	11.695813	5.923458	1.110961	3.062389	1.0	8.615514	9.014388	3.906926	5.498552
8.539429	13.934627	3.786135	4.013515	4.220722	13.247397	1.032492	9.624132	12.43252	1.0	2.491083	10.441918	7.67685	7.559181
5.350012	12.058649	4.224443	9.724853	1.352058	11.719114	11.375163	6.625264	9.228426	1.363577	0.001	12.833813	7.269536	6.874093
7.935256	9.540419	13.487145	3.0889	13.883218	2.911392	4.378264	4.519363	2.999784	4.714037	0.001	13.144579	9.534735	9.861909
0.752737	10.729517	4.157918	17.255318	3.48354	4.294538	1.943146	2.546927	4.908069	17.785192	0.001	12.542269	18.53364	1.066189
10.85143	11.384685	11.926997	10.782015	4.080164	12.989532	5.52785	2.914323	1.246295	13.08592	0.001	2.466963	11.661662	1.081165
6.562907	3.88972	6.361725	10.559998	3.625691	10.126943	11.5937	6.849069	7.300716	9.162086	0.001	9.06381	9.093788	5.808848
12.588148	11.810763	13.556095	1.879986	4.489281	5.793882	13.150119	3.389144	13.370092	5.18009	0.002154	6.298042	1.232698	7.259504
2.997199	7.006216	15.625461	2.488435	7.600714	16.247648	11.044144	14.964723	3.290296	0.184692	0.002154	0.08968	11.936392	6.522246
2.960603	9.568552	4.641992	12.116434	1.091994	9.427223	10.93579	6.451659	8.921077	10.006043	0.002154	1.835032	11.99225	10.049196
0.049972	14.693418	4.039898	4.018036	11.442419	7.045307	3.151314	14.783667	7.781118	6.679696	0.002154	13.790148	8.160087	4.362766
4.19844	4.020033	9.312204	2.139729	11.097211	3.150802	11.570567	4.851704	12.863222	8.645355	0.002154	3.406136	12.370954	12.371488
5.007454	7.667344	6.792474	8.141522	9.310836	7.263353	7.906926	11.056771	4.018892	8.645386	0.004642	10.855761	3.313606	10.015034
6.97775	4.304738	3.67049	9.159822	6.788769	15.042921	7.850333	3.814791	14.661177	4.791914	0.004642	9.168178	11.8794	1.885076
6.584204	2.926997	7.858102	4.618264	12.902533	11.976517	3.592155	10.062968	13.068171	7.867979	0.004642	6.523642	9.180678	2.833148
4.883158	11.604568	4.618763	4.722992	11.496709	10.075867	13.858777	8.957738	9.005153	3.393832	0.004642	4.289468	12.729923	0.358411
7.940459	3.128622	1.410198	1.873445	13.143229	10.846054	14.235245	2.741749	11.188364	14.211578	0.004642	15.681055	2.275596	1.319765
1.894558	15.000391	5.27873	8.60445	7.075588	6.572865	6.595521	1.087584	11.94632	7.346297	0.01	14.020772	2.842991	11.723933
8.907917	2.128251	9.69528	1.736898	13.334347	3.332872	3.446258	11.78627	6.452182	5.781642	0.01	12.319832	9.233801	11.834451
5.581232	5.806885	10.210753	7.874518	12.815328	15.388676	13.705133	11.902014	1.252752	12.78569	0.01	1.881368	0.176167	0.609483
6.1397	11.473672	4.135737	8.091251	8.260742	2.415513	13.863077	0.088521	13.371822	10.523752	0.01	7.45664	10.665906	3.503667
11.698982	2.731805	13.482916	0.53258	13.334239	0.440755	10.856599	9.488997	2.936935	12.779973	0.01	5.686199	11.783341	4.23668
14.228216	1.549033	14.195497	3.087079	7.524472	10.23777	5.809002	9.783973	3.904564	12.186386	0.021544	9.346601	6.33768	1.788184
6.587265	6.590626	7.441936	0.899391	10.852413	12.31065	11.659647	11.910914	9.064768	4.675861	0.021544	3.768182	10.846464	3.370339
10.929656	0.231528	6.43873	4.483945	5.260047	7.713383	0.76434	2.682603	10.635669	14.332308	0.021544	13.277563	12.15952	11.069165
10.398899	19.705904	10.431588	4.418608	2.921717	1.274535	19.360912	9.100135	5.633063	6.371974	0.021544	0.255067	1.711688	8.394366
0.916877	1.348959	8.349205	1.973163	9.017858	15.812524	13.558146	6.964145	12.08995	13.372304	0.021544	1.573033	7.431208	7.571083
0.496243	5.471292	0.482574	14.036282	1.365117	12.965365	15.204476	2.611777	12.682244	7.582311	0.046416	11.369293	7.793983	7.892629
1.326267	4.776685	0.07835	16.946882	10.671784	7.869671	1.933904	11.299873	5.921365	2.20087	0.046416	6.615183	10.638274	19.674476
1.14741	10.138072	6.446251	9.536024	8.497257	2.307749	11.804634	3.705984	11.010677	8.833778	0.046416	12.183103	5.384627	8.958018
12.205596	9.037989	1.424008	4.914524	13.313275	6.111823	8.451153	3.336458	7.824593	13.516564	0.046416	9.939991	6.034416	3.843195
4.351498	0.963076	8.203383	2.361598	10.52934	2.496971	14.81095	10.755528	3.692731	10.630135	0.046416	8.385898	21.013455	1.75902
12.341731	6.208097	12.440983	9.542028	9.49421	7.204627	1.891373	5.305182	2.53899	12.181428	0.1	5.825689	4.724385	10.201277
9.174607	2.966154	10.116714	10.576947	7.200099	3.348139	10.575116	12.362784	8.947648	10.687708	0.1	3.404045	0.751986	9.788052
11.284366	0.31164	2.165397	6.551385	6.361495	14.491059	13.503989	13.793619	4.030717	9.275352	0.1	0.681514	9.821761	7.627706
2.876619	11.567705	4.340457	6.58212	0.366142	11.004823	12.309983	7.836648	6.050155	4.834944	0.1	12.288025	9.64824	10.194138
11.672481	9.776718	1.724757	9.678273	12.903782	10.685301	8.959866	2.170219	5.092216	6.25404	0.1	10.129926	5.718572	5.133848
12.150536	11.029373	1.181137	8.510959	3.743592	12.23411	10.978983	13.064701	8.128286	1.636424	0.215443	2.395036	2.453419	12.278001
0.448833	3.946398	12.698889	9.074755	7.354544	10.582323	4.379186	4.424684	6.673518	11.733461	0.215443	7.07483	8.098911	13.294225
15.201185	7.4157	9.98383	1.705831	6.727212	3.200349	7.932967	9.91395	14.878823	3.673674	0.215443	1.949762	0.850913	16.350362
14.958764	3.088733	7.060436	2.77273	5.073747	4.13299	1.973762	13.09398	6.376199	8.046252	0.215443	6.381069	11.105545	15.720349
11.021661	1.61776	14.525661	14.25326	11.032885	11.095739	5.780706	7.759248	7.963139	1.820655	0.215443	2.182723	10.150068	0.581049
8.164298	7.545441	5.048729	6.63077	8.027946	8.340788	1.625859	15.791106	4.11046	10.350868	0.464159	4.416056	16.12129	3.362231
10.743749	10.238625	5.626444	5.472645	5.693006	4.76953	1.726883	14.332347	13.59277	13.672502	0.464159	1.49598	12.150911	0.020451
12.749997	9.738814	2.590676	13.936978	6.576812	7.84755	0.284259	14.946481	0.894337	12.944251	0.464159	3.35197	0.822883	12.850832
9.141414	3.304089	0.931594	13.991349	10.264575	11.169801	6.664987	9.235478	6.286755	2.748242	0.464159	5.921622	13.674773	6.201163
6.481875	13.547686	7.330148	4.646454	14.142894	0.470991	14.019255	7.67738	4.528486	1.763877	0.464159	2.725831	8.866762	13.334201
6.519318	8.897444	10.71029	11.901655	8.08653	5.305403	0.464011	12.471953	5.593051	16.6674	1.0	3.254991	5.266292	3.861661
11.287624	12.2412	11.332695	3.02246	13.900835	7.968564	8.649897	8.137742	4.360532	7.17712	1.0	3.827713	3.845519	3.2481
3.959468	11.808954	5.329477	11.050559	7.743966	6.728574	0.943493	13.706182	0.182841	4.328626	1.0	12.445195	11.732946	9.03972
15.453485	7.155235	5.722418	5.825232	4.31303	1.706658	7.174993	8.024083	11.166782	2.134095	1.0	15.779268	13.879899	0.664822
10.942226	10.977852	3.236462	1.863673	2.317923	2.132683	7.065331	10.593579	11.119256	7.682966	1.0	13.435874	5.421511	12.210664
8.397538	9.647424	9.15496	5.58144	10.768506	3.590502	2.338933	3.156148	2.458613	1.062048	13.263752	0.001	14.366919	16.212216
4.625736	9.662939	11.171108	12.98122	8.023127	8.654862	3.465799	8.132803	1.523062	8.422822	0.637086	0.001	12.611476	10.086959
8.682004	8.044713	6.091643	4.293066	5.410768	11.3776	10.073637	5.993471	6.841295	9.018202	9.380582	0.001	10.379518	4.412501
14.817962	4.081922	9.050771	5.635695	2.386996	14.81359	7.32089	1.301541	10.536347	8.350085	2.269221	0.001	5.970753	13.463227
8.322116	12.519739	5.085683	0.890669	7.889081	1.981808	12.016265	7.676089	11.106424	9.725673	10.758916	0.001	9.080002	2.946533
5.260821	7.020426	2.505729	5.970143	9.878388	10.355806	8.904252	13.660932	6.016907	4.110779	6.525537	0.002154	7.082083	12.706042
7.01798	9.569721	6.177288	0.180541	1.545669	11.640131	8.690148	7.268446	8.205674	7.301826	1.513414	0.002154	16.386558	14.500451
9.548146	10.226801	5.794343	14.607206	1.072688	1.262247	0.571256	2.391127	15.951905	5.256116	9.10884	0.002154	16.867936	7.339233
4.918682	12.15486	11.968061	9.563239	2.104784	1.716717	9.580426	6.461958	10.913205	10.929897	4.383995	0.002154	6.683823	8.618197
9.521715	10.594437	5.520229	3.251368	8.316423	9.330297	3.468925	6.897986	8.58986	7.418154	9.990572	0.002154	9.314408	7.783469
1.056749	2.537648	1.413899	11.454349	4.845156	14.823786	6.743193	2.591222	12.210844	11.285969	10.565884	0.004642	15.538742	4.927919
13.996542	1.396346	8.114178	9.251448	13.907131	12.359692	10.704358	5.547652	6.136215	2.779249	2.965299	0.004642	4.014543	8.822706
3.46057	11.896119	2.419517	9.945359	8.847958	8.479053	8.654701	2.729895	12.539916	3.763936	10.167362	0.004642	10.577786	6.513186
12.610074	1.347572	7.263766	15.400568	1.296909	18.643537	9.015293	2.35017	12.956342	6.348085	6.531331	0.004642	5.374615	0.857096
10.511583	1.979625	10.350621	3.987797	10.129544	4.171239	10.24456	7.292925	2.802224	12.677648	8.156004	0.004642	8.563828	9.127762
10.663303	8.037935	8.332741	10.377594	0.948398	10.512174	12.098261	0.474958	6.854953	5.832097	6.36038	0.01	10.259399	9.237807
14.788842	1.428804	3.105259	5.983448	0.248175	16.486472	13.715534	0.10543	6.62166	6.028938	9.731505	0.01	14.17615	7.569783
11.033934	7.504826	0.955511	10.27484	9.219712	6.306019	0.728578	11.539325	5.472789	11.66734	6.036307	0.01	8.405347	10.845471
7.199363	8.936067	2.986436	16.306115	18.876842	13.79141	3.882691	1.039222	1.701561	8.00332	0.500566	0.01	7.525453	9.240954
6.952716	12.041334	7.630014	3.82265	2.991168	7.842904	13.148036	5.83339	12.008212	9.293281	2.482801	0.01	2.857132	13.086362
5.617496	20.489984	3.596117	5.829634	16.510767	9.134838	4.826417	1.30063	12.698154	4.758199	0.369395	0.021544	5.327215	9.519609
16.168649	7.60599	9.46772	0.81321	1.66598	2.9728	11.383771	6.295678	0.329996	9.372922	11.217131	0.021544	16.812774	5.871834
17.068478	1.021567	6.445668	12.301501	2.50823	14.569382	3.50663	12.12259	2.384378	3.352673	1.615909	0.021544	14.338899	8.742551
0.80061	8.7297	7.630943	15.687712	4.373672	1.127544	1.491927	12.555654	15.180249	7.611611	12.308816	0.021544	9.587875	2.892143
5.162793	9.027764	7.594372	8.599153	7.56999	3.764203	12.028305	7.173656	11.7479	1.538916	10.561935	0.021544	4.067283	11.142185
11.682314	4.487987	4.154463	19.60716	3.551448	0.507719	4.20336	1.787535	7.496669	10.95165	12.239568	0.046416	0.486453	18.797257
4.280694	14.828918	14.35788	9.753688	13.394171	2.514841	4.924653	8.699063	3.924269	14.378365	2.671147	0.046416	0.572615	5.65328
0.480199	1.21151	3.774884	6.251051	10.921243	0.707502	13.959913	11.40333	5.229791	11.03159	11.992944	0.046416	11.354576	11.635052
8.683508	2.112226	13.866495	1.90977	3.613962	15.263279	13.763306	2.252958	3.094162	3.429975	12.974684	0.046416	12.324542	6.664717
7.415911	2.329515	8.048894	13.696591	0.986979	11.459183	5.253246	12.00494	11.237085	2.61391	8.2054	0.046416	5.412487	11.289443
10.793914	0.607325	16.799633	9.69012	6.688118	13.761958	12.334489	10.196817	7.411507	8.614308	1.28509	0.1	1.417863	0.298857
1.567645	8.893934	7.991363	2.750432	9.729033	7.92918	8.993019	4.00289	12.453926	10.342862	13.103643	0.1	1.186139	10.955935
9.944255	1.902691	1.591026	1.05583	10.453821	11.001409	4.991306	4.239551	7.216048	10.080235	14.321564	0.1	9.860096	13.242166
11.81456	7.589767	13.600682	8.13777	3.374055	8.226259	2.128275	5.128195	6.4846	7.255137	1.913393	0.1	17.225791	7.021516
3.495993	7.947893	10.447562	0.849411	14.618543	3.081991	0.532763	15.32637	11.460851	3.182157	10.150684	0.1	13.541475	5.264306
5.31115	15.050119	12.452815	1.871943	8.798208	6.1073	10.942288	4.705084	13.37452	2.838181	2.349959	0.215443	11.239588	4.743401
15.496027	9.633733	4.544453	2.295504	5.654065	4.689345	10.035085	3.681403	14.794302	5.443313	13.663237	0.215443	7.845348	2.008742
6.420619	12.662422	12.113978	6.387675	2.167192	7.579224	8.147364	2.285337	10.682273	12.80043	10.397268	0.215443	1.352384	6.788391
0.222711	8.773208	1.377397	5.642463	9.64264	11.654688	12.496841	13.410549	0.541405	0.950142	15.675643	0.215443	9.310474	10.086395
3.23922	18.619531	16.99097	1.621714	1.160238	11.190902	13.318583	6.599645	1.20489	6.99613	4.956545	0.215443	10.051292	3.834897
4.17026	9.472442	5.606541	2.827384	10.273703	7.931222	11.757634	9.908065	15.262475	1.808661	6.983497	0.464159	10.419234	3.114722
1.830712	4.611711	9.450381	2.801453	12.448865	2.551929	7.814922	11.823175	10.820881	11.432894	11.422423	0.464159	0.650425	11.876069
18.060725	16.997734	0.965953	15.52478	12.178762	2.245749	10.704302	4.477073	2.778552	0.487596	1.218043	0.464159	8.670553	5.226019
2.757344	10.618858	5.203124	3.840378	0.839428	14.520164	2.756009	10.481187	4.107377	9.392295	6.974706	0.464159	15.123219	12.921752
9.616833	11.616759	5.741856	7.966508	6.516143	8.636585	6.322648	0.870062	10.469279	11.35711	5.741729	0.464159	8.390947	6.289381
12.742892	5.183477	13.670657	0.14134	0.351447	2.051858	3.587453	9.48895	10.354344	8.838004	15.007072	1.0	9.289209	8.293297
11.81846	10.646104	8.445053	10.568413	8.09247	2.015967	7.147402	7.865445	4.755896	11.713211	1.066062	1.0	12.835233	2.030284
0.768864	7.406532	13.568637	12.831664	2.693988	11.146672	13.066547	12.966836	2.481553	9.049917	1.960801	1.0	4.941125	6.116864
2.484366	13.260111	2.303003	2.766166	12.082487	7.610959	7.561807	6.299277	8.640142	11.644601	13.150636	1.0	9.294777	1.901667
6.249973	7.470651	8.778933	9.828446	13.196888	7.041266	3.314497	10.963342	7.501911	3.593539	8.124747	1.0	11.15997	1.775837
13.549788	6.479669	8.08697	0.759365	6.528044	5.683302	6.967187	7.497951	6.276164	10.0571	12.312086	2.281608	0.001	13.519767
5.743071	6.712366	7.081298	12.507	12.588251	11.68206	5.50955	10.900004	12.121241	3.639173	6.705485	3.572921	0.001	1.236579
7.492912	2.409175	6.401382	6.277476	13.463602	9.695124	2.233759	6.140201	4.06036	7.124969	9.249203	11.30806	0.001	14.142777
7.737996	3.290121	6.376593	9.195332	12.568065	1.929336	2.636115	10.532387	5.321874	13.299523	11.974986	4.903395	0.001	10.233278
2.91369	11.199621	11.528704	0.155425	8.632577	12.971879	9.263732	5.091666	7.649627	5.607619	2.042825	13.946747	0.001	8.994888
6.793534	7.410617	9.44995	9.241504	8.014852	2.904624	13.805266	8.846605	9.483952	1.907787	10.121112	8.419779	0.002154	3.598263
8.549526	10.370871	9.726294	5.162393	7.399713	11.621036	8.968802	0.689957	9.374649	1.262194	14.052173	7.904449	0.002154	4.915788
5.168558	11.959163	6.105181	0.608832	6.571475	14.081203	3.167668	8.928681	6.113823	11.711815	3.40018	14.021684	0.002154	8.159582
5.497876	10.95555	4.193289	2.580679	6.675238	0.832344	7.947273	14.419464	1.139838	12.515312	4.810291	14.072116	0.002154	14.358575
13.265757	2.577019	8.057683	2.732438	12.36903	9.762543	6.005795	2.75926	3.989372	16.816608	15.01959	0.695785	0.002154	5.946963
5.735051	4.537321	6.319206	0.038128	4.541791	7.130243	13.83154	24.559702	3.71198	2.231177	10.54666	16.338379	0.004642	0.474179
8.640639	6.271621	11.982198	6.297661	11.918857	8.173868	2.10926	2.36499	7.369782	8.647618	8.048931	10.66189	0.004642	7.508042
14.336211	13.271869	8.931165	2.932213	17.781899	6.303993	7.439263	1.900576	3.776191	12.575207	3.437201	4.931007	0.004642	2.378563
5.179566	8.987533	5.482878	5.040387	11.387592	12.31084	10.110698	6.958982	0.481241	12.324825	10.743716	4.112772	0.004642	6.874331
13.90532	5.680102	9.425874	13.91546	10.389474	0.269856	4.199219	5.083804	3.726671	5.035378	6.749034	8.70122	0.004642	12.913947
2.858062	1.439521	17.264581	15.492071	0.861311	17.151697	4.319309	0.159167	13.104325	7.079448	2.888649	2.553086	0.01	14.818774
3.132943	6.132832	4.087962	11.981505	8.100971	6.992988	3.637152	12.246907	13.318998	0.589058	12.384675	6.386418	0.01	10.99759
11.936169	11.280165	1.005572	6.57193	6.105263	3.293356	10.60001	10.119521	10.602745	10.441644	10.293094	2.60664	0.01	5.133893
6.517639	16.01022	10.819987	16.155066	9.831873	4.941967	7.414111	8.788454	4.277575	2.131442	1.64047	3.182528	0.01	8.278668
4.850632	6.686097	3.555393	6.85078	6.998872	2.791929	2.190336	9.004088	4.913046	15.359701	15.299996	7.484769	0.01	14.00436
8.89681	11.799143	1.40412	5.687086	5.805903	5.470447	12.082369	11.01923	8.238212	4.124867	5.310613	9.970947	0.021544	10.168707
13.642484	4.391468	11.844956	14.576697	2.343423	17.153266	1.474269	1.520893	3.830727	12.547724	0.798651	4.547465	0.021544	11.306434
7.933092	12.00993	0.114283	6.582384	11.229315	6.373296	9.843329	8.366479	1.748943	14.978124	11.904638	0.802655	0.021544	8.091988
9.074933	5.255743	12.543261	2.359359	3.696824	11.16683	8.330631	8.122381	7.071718	4.199186	4.351524	12.730506	0.021544	11.07556
6.548924	11.437669	2.029347	11.865097	11.576295	2.68696	4.465901	8.35139	12.957738	5.957205	8.246871	5.364227	0.021544	8.490832
2.355026	11.290334	15.580886	5.306255	5.301851	4.29399	8.843586	6.71356	9.154498	7.003601	16.218324	0.367066	0.046416	7.524607
11.750356	5.416712	4.449102	14.488389	6.451374	6.242666	0.655259	13.482101	8.383237	0.313498	8.232062	4.761331	0.046416	15.327496
6.361483	10.980272	6.672293	3.126244	11.94412	7.97454	1.479347	9.519421	8.294801	4.911561	9.550606	14.819012	0.046416	4.319885
15.183597	13.063904	13.510577	2.197337	7.980299	4.429685	6.180036	2.585016	3.200681	2.704382	10.800449	7.152075	0.046416	10.965546
1.497567	5.367169	13.544091	1.740814	11.289209	10.791008	9.706007	9.831108	0.182635	7.666835	6.198889	8.51086	0.046416	13.627393
10.749234	1.253476	7.771164	4.915459	14.449427	11.204331	2.630796	12.117129	4.350775	14.335224	6.736637	0.650142	0.1	8.736206
8.535071	5.475883	5.201844	9.807334	6.869404	11.297498	12.067743	2.141	6.272506	5.198902	2.851358	11.99872	0.1	12.182736
13.349815	7.291899	1.074766	14.817823	15.748497	15.894032	0.088471	0.708009	14.503627	0.915705	3.089624	2.277257	0.1	10.140476
1.537489	2.318793	1.522769	8.473313	7.569007	1.492032	15.044052	16.981022	7.752057	6.939127	4.607103	14.691634	0.1	10.971603
10.130458	13.400298	14.793038	6.018573	0.85666	1.679469	5.602278	10.717358	9.507525	4.645124	3.0144	4.069798	0.1	15.46502
17.559298	5.778749	15.83661	11.232411	12.482377	0.282462	6.49203	1.480984	11.976113	8.784858	5.511833	1.034002	0.215443	1.332829
7.735981	6.037513	4.067904	6.139696	2.280888	2.845042	11.505624	0.360829	13.92673	17.369584	12.27388	13.621758	0.215443	1.619128
3.966856	10.997185	5.15516	11.508298	7.976078	12.64278	0.607915	8.176165	8.439967	14.453626	1.990664	4.72852	0.215443	9.141345
11.227546	13.514892	4.369765	7.50008	2.893917	9.947625	6.461719	9.162434	7.612775	13.993182	6.845411	3.383863	0.215443	2.871346
10.99139	12.495135	7.693313	0.070452	9.117226	1.526392	3.234196	6.944157	6.797536	10.010632	13.095922	4.952945	0.215443	12.85526
3.365952	11.234968	12.629677	5.747362	6.877284	10.625362	2.143883	12.205091	9.010945	12.692618	4.938543	1.249081	0.464159	6.815075
12.846382	2.208429	9.576245	1.455099	10.07931	6.437908	17.771422	8.884867	5.134104	2.921722	14.861317	2.961909	0.464159	4.397127
10.843464	9.718551	7.311303	8.65422	2.995408	12.517687	2.856803	5.802721	6.346147	4.950391	13.564775	6.642242	0.464159	7.332128
17.293962	1.999845	4.150683	0.487984	4.384989	1.879533	12.095981	13.734929	3.166054	16.286794	12.000535	10.514506	0.464159	1.540047
12.121462	11.728697	10.540499	0.547978	5.475484	11.939815	5.156135	7.535226	8.243265	8.442424	1.677049	4.243451	0.464159	11.884356
8.729765	4.498107	2.307285	12.862424	5.757151	10.097701	3.674599	16.294036	17.428391	3.253009	8.593415	0.835638	1.0	4.66848
13.135423	4.977219	9.491982	13.513438	0.880172	3.116518	12.854682	5.285663	5.333836	10.288421	0.595723	9.883087	1.0	9.643836
8.060405	7.387703	8.30388	14.759858	0.303625	4.544567	3.598771	13.557787	1.450346	8.325929	5.943998	9.10116	1.0	13.66197
9.163845	3.455846	9.954005	11.946563	9.756147	10.673655	0.175666	7.816843	6.100373	9.362734	1.491729	8.585072	1.0	10.517521
10.730629	10.709911	10.969691	7.693047	0.903606	11.277287	5.86374	4.117763	1.169439	11.488696	3.9903	7.775512	1.0	12.310378
1.008122	7.369359	8.179525	0.359374	14.912452	16.214631	5.500002	16.258218	11.948473	3.584836	1.856482	5.029825	7.777699	0.001
9.587574	9.533391	5.55624	9.866023	7.334036	13.0728	12.132951	10.252634	4.981629	2.396111	7.195702	4.511589	3.57832	0.001
2.945733	11.988035	11.453584	12.531633	2.717243	14.623355	9.063377	6.021579	2.950316	6.915945	6.497191	10.948209	1.342799	0.001
11.496565	3.013191	8.793693	6.529152	13.029325	9.481581	1.545881	2.495169	0.107875	10.637955	11.514832	8.419193	12.934587	0.001
8.229076	10.791838	8.864163	10.607948	9.471425	7.955706	7.969185	4.716815	5.62656	4.669983	9.365617	1.695381	10.035303	0.001
10.857544	4.440029	7.381793	9.146663	10.845542	4.460742	1.618105	4.508369	9.25618	9.48345	5.959729	10.721281	11.318417	0.002154
4.567356	4.910603	9.997637	8.57854	11.083941	6.840685	13.161298	8.718377	2.58882	12.277427	7.268286	7.860213	2.144662	0.002154
9.118383	20.523246	13.224394	2.286533	10.093879	8.819321	2.906405	10.929649	9.00377	5.338982	6.286208	0.519791	0.947285	0.002154
9.579057	4.704863	9.063882	11.304181	10.751062	11.44102	4.06466	9.313151	10.147864	1.204792	6.539047	8.953729	2.930537	0.002154
7.782435	7.997565	6.639162	8.910183	7.001312	9.871594	11.007388	8.893126	3.196857	8.533534	7.766292	2.502301	9.896098	0.002154
11.786111	3.191427	2.666384	11.181069	3.278676	12.092776	9.236388	4.767008	14.616504	4.546506	7.817599	4.633638	10.181271	0.004642
13.058813	10.123553	4.887064	5.990712	2.090045	3.665543	9.973752	14.599124	8.996781	0.404315	6.632022	6.571207	13.002427	0.004642
10.813189	1.719122	5.039672	10.634997	10.576403	7.958699	8.631236	5.851115	9.660782	3.802705	11.192908	2.250519	11.864013	0.004642
0.996621	13.493469	8.959494	5.755136	9.835876	1.370223	6.066877	9.948126	10.619262	8.413597	15.987754	1.33783	7.211092	0.004642
5.796085	13.239785	2.404543	14.909248	5.676032	18.146779	2.024867	8.572227	15.792181	0.231489	9.610834	2.410978	1.180311	0.004642
12.163249	4.775473	1.716761	12.267966	6.541618	2.34837	9.782833	11.936678	9.857954	3.313559	7.670403	10.806035	6.809101	0.01
11.532877	1.414754	3.583185	3.693054	7.784692	12.320124	9.206023	12.680835	13.293168	2.301192	11.908645	9.552888	0.718563	0.01
0.985699	5.639111	9.983115	13.97134	9.399272	13.684282	0.990002	10.557603	9.711396	8.774303	5.719699	5.507305	5.066872	0.01
11.512199	3.40377	13.435217	6.482427	10.241396	3.427237	1.192322	1.59232	10.880025	6.570322	8.769251	12.461238	10.022276	0.01
1.847656	6.530242	1.903937	1.734826	12.991375	14.277659	0.153992	3.642822	15.013575	6.767108	14.873014	11.255722	8.998072	0.01
8.950583	5.001061	5.099263	9.615193	8.695337	0.586555	14.11088	12.826513	8.352982	3.984264	8.694338	2.540785	11.520703	0.021544
12.653252	15.49397	2.084773	9.747831	17.778484	12.396809	8.926001	1.656147	0.494885	1.525714	6.700479	10.109544	0.410568	0.021544
6.366532	10.550881	5.1069	8.548581	11.492838	6.932049	7.067217	4.825701	11.684979	6.689552	0.579262	12.976455	7.157508	0.021544
10.194968	12.222992	3.591096	8.975011	1.725346	1.704111	3.881982	11.521118	10.624697	3.239932	7.078991	13.089745	12.128465	0.021544
8.666924	9.602218	10.385091	5.407301	9.605929	10.523649	1.837308	4.300936	5.813612	8.829172	9.372518	9.554345	6.079452	0.021544
9.065568	5.534843	9.156127	2.159935	13.924136	5.248586	6.698715	5.973043	2.910517	13.445489	6.757908	12.059176	7.019542	0.046416
6.736078	8.660385	4.141587	8.777482	8.670018	9.96003	11.407362	4.891044	1.169862	2.235629	12.245324	13.090741	7.968042	0.046416
8.048307	9.140773	12.618171	4.307624	9.740083	0.981268	7.740421	3.858876	12.042679	10.35682	11.259582	3.631025	6.227955	0.046416
0.625107	8.194847	10.18744	8.056584	1.018145	12.554402	17.662623	13.134154	4.898149	3.523323	3.747217	1.973498	14.378095	0.046416
9.327864	10.492195	9.096083	10.106555	10.268134	4.431504	10.813168	3.948951	8.795308	9.500443	4.024724	8.949823	0.19883	0.046416
7.657116	2.69346	9.48151	15.588048	4.866414	0.938275	1.715974	5.85465	9.353095	10.720876	12.415431	4.401122	14.214028	0.1
13.395181	8.909667	7.839035	4.153923	6.709818	2.959568	3.188733	9.134824	11.820139	7.868594	9.696618	3.544088	10.679812	0.1
2.503538	10.779916	10.810995	7.433734	10.154276	11.747505	6.361352	7.96634	3.248681	8.629343	4.942295	4.080795	11.24123	0.1
15.33769	8.285357	13.775871	2.039121	6.231309	3.90772	5.257274	15.85936	12.0482	6.845456	7.022807	0.451233	2.838602	0.1
3.109325	10.278555	15.136263	5.488307	2.76422	9.890219	9.62548	0.122331	10.357693	12.279075	9.704403	5.449747	5.694381	0.1
10.917805	2.425272	6.074449	2.036199	13.449213	8.887404	10.644205	0.445992	1.177176	12.801132	15.21841	4.118448	11.588852	0.215443
10.144646	6.397114	12.626752	2.827144	4.069735	13.048008	5.254421	12.928934	1.071399	4.701893	9.670774	10.133454	6.910282	0.215443
0.497054	1.595136	12.544512	2.558205	5.905627	3.494881	9.404689	11.566989	11.196561	3.266269	12.003507	13.531744	12.219382	0.215443
11.843497	0.524696	6.674224	2.739522	0.292513	8.216624	10.771891	11.296848	12.130678	9.498457	5.356452	9.117036	11.322119	0.215443
8.701771	10.518615	13.412439	1.165907	13.602918	12.164361	1.261032	7.860839	6.772847	0.85653	9.545011	2.492644	11.429641	0.215443
8.068201	1.40941	7.325813	4.620549	4.761362	8.429409	1.57342	11.786677	15.993542	4.134254	12.30107	7.709409	11.422726	0.464159
5.927851	10.013864	10.587478	9.982686	11.498637	13.768978	8.448885	10.193527	2.62815	9.056471	5.831642	0.234789	1.362884	0.464159
17.252157	3.711102	5.869016	4.686133	8.478023	2.108807	1.305535	7.567914	17.605603	11.556917	9.461607	0.660144	9.272883	0.464159
13.783157	7.346855	3.954753	12.813133	9.945322	3.253285	4.30643	3.7047	9.988017	8.966245	5.936253	7.340786	8.196905	0.464159
14.501583	8.582207	14.998979	0.864584	3.244124	13.613289	9.28233	12.202103	0.98099	2.446959	2.547167	2.683512	13.588014	0.464159
5.158611	1.479922	2.508762	2.589291	13.992855	11.883285	3.445054	14.856933	8.26326	6.651802	0.473277	13.140185	14.556763	1.0
11.562137	9.66756	2.1691	7.834753	2.478012	13.925088	9.796679	20.528929	7.76601	3.032485	2.934765	6.260153	1.044329	1.0
11.334144	4.420146	10.112085	1.787653	4.404717	4.141897	11.760496	15.001041	3.043225	8.533039	8.456306	9.809057	6.196193	1.0
11.895672	2.619384	4.894827	10.147951	11.557347	7.024596	9.117653	8.032566	6.342331	9.181951	4.724208	5.459349	8.002164	1.0
4.49102	10.831589	1.723417	14.661195	12.674192	7.10472	12.29543	7.72119	0.188968	10.636002	4.819968	8.851194	3.001115	1.0
