CD4	CD8	nB	NK	Mn	mNeu	m8	DC	Eo	Tr	m4	Mg	Er	mB
1.0	4.242964	9.727991	2.48764	9.276884	14.262146	10.51105	2.714504	2.988385	11.723815	1.664164	12.54041	7.565846	9.294202
1.0	16.946883	4.90147	5.793087	6.94102	6.36608	5.600586	3.245494	10.738783	8.994274	3.96939	4.417968	7.698795	13.38617
1.0	7.310348	7.503049	8.641615	2.621892	6.432013	6.888139	7.257567	12.078934	13.761323	8.074576	11.29038	2.004406	5.135761
5.5	7.307491	5.512576	8.87116	8.575521	7.412665	9.197438	8.643014	5.346761	1.247877	11.123711	8.991908	12.083755	0.186123
5.5	8.022166	1.07114	9.539095	3.97824	8.826514	10.534063	8.330669	2.256654	1.802282	5.335602	12.678101	9.497714	12.62776
5.5	7.175427	3.76575	1.017045	7.10836	1.877298	9.489886	2.781227	4.606862	2.598467	13.458196	15.014918	14.751706	10.854858
10.0	1.98604	11.145764	2.745721	1.053944	1.923531	12.582386	5.564909	4.577422	12.938023	0.817467	14.508783	8.122394	12.033618
10.0	0.151716	7.696677	11.109541	12.158203	6.578982	12.570452	1.184333	0.680693	4.20991	1.564685	15.084718	4.863206	12.146884
10.0	5.321041	0.321907	7.873527	9.899479	8.407715	2.388655	4.419815	10.944846	1.293273	10.025135	9.096309	11.63564	8.372658
