chrom	start	end	Tregs-others	em8-others
chr1	64562	64564	-0.07100000000000001	0.07100000000000001
chr1	64763	64765	0.05399999999999994	-0.05399999999999994
chr1	64899	64901	-0.09899999999999998	0.09899999999999998
chr1	65891	65893	0.11099999999999999	-0.11099999999999999
chr1	70602	70604	0.0	0.0
chr1	70664	70666	0.043999999999999984	-0.043999999999999984
chr1	70916	70918	0.0	0.0
chr1	685875	685877	-0.33299999999999996	0.33299999999999996
chr1	685999	686001	0.18999999999999995	-0.18999999999999995
