chrom	start	end	C00256A1bs_CD8.bw.bedgraph_rolled	C002CTA1bs_cytnk.bw.bedgraph_rolled	C003N351_memb.bw.bedgraph_rolled	C003VO55_CD8.bw.bedgraph_rolled	C004GD51_matneu.bw.bedgraph_rolled	C0066P51_CD8.bw.bedgraph_rolled	C0067N51_cytnk.bw.bedgraph_rolled	C006G551_cytnk.bw.bedgraph_rolled	CD14-PBMC-1313.bedgraph_rolled	CD14-PBMC-1382.bedgraph_rolled	CD14-PBMC-1389.bedgraph_rolled	CD19-PBMC-1313.bedgraph_rolled	CD19-PBMC-1382.bedgraph_rolled	CD19-PBMC-1389.bedgraph_rolled	CD4-PBMC-1313.bedgraph_rolled	CD4-PBMC-1382.bedgraph_rolled	CD4-PBMC-1389.bedgraph_rolled	CD56-PBMC-1313.bedgraph_rolled	CD56-PBMC-1382.bedgraph_rolled	CD56-PBMC-1389.bedgraph_rolled	CD8-PBMC-1313.bedgraph_rolled	CD8-PBMC-1382.bedgraph_rolled	CD8-PBMC-1389.bedgraph_rolled	NBC_NC11_41_naiveb.bw.bedgraph_rolled	NBC_NC11_83_naiveb.bw.bedgraph_rolled	S008H151_CD4.bw.bedgraph_rolled	S009W451_CD4.bw.bedgraph_rolled	S00C2F51_CD8.bw.bedgraph_rolled	S017RE51_memb.bw.bedgraph_rolled	S01BHIA1_mono.bw.bedgraph_rolled	S01E03A1_mono.bw.bedgraph_rolled	S01E8O51_cytnk.bw.bedgraph_rolled	S01ECGA1_naiveb.bw.bedgraph_rolled	S01MAPA1_mono.bw.bedgraph_rolled	MHBchr	MHBstart	MHBend
chr1	8892201	8892203	0.927	0.921	0.854	0.964	0.018	1	0.954	0.875	0.099	0	0.17	1	0.556	1	1	0.891	1	0.915	0.884	1	1	1	0.75	0.937	0.944	0.986	0.945	0.86	0.854	0.037	0	0.867	0.976	0	chr1	8892201	8892396
chr1	8892239	8892241	0.887	0.96	0.824	1	0.227	1	0.938	0.857	0.099	0	0.146	0.801	0.67	0.626	0.918	0.5	0.918	0.816	0.765	0.772	0.855	0.733	0.934	0.951	0.842	0.976	0.927	0.933	0.79	0.059	0.071	0.879	1	0.081	chr1	8892201	8892396
chr1	8892250	8892252	0.906	0.918	0.741	1	0.023	1	0.944	0.88	0.176	0	0.143	0.91	0.89	1	1	1	1	0.7	0.765	0.855	1	0.867	0.938	0.944	0.842	1	0.966	0.971	0.836	0	0	0.941	1	0	chr1	8892201	8892396
chr1	15407275	15407277	0.846	0.056	0.909	1	0.947	0.947	0	0.067	0.925	1	0.9	0.859	0.8	0.835	0.667	0.625	1	0.267	0	0	0.833	0.802	0.663	1	0.889	0.833	0.923	1	0.788	0.842	0.903	0	0.862	0.935	chr1	15407275	15407487
chr1	15407342	15407344	0.793	0.103	0.9	1	0.952	0.964	0	0.034	0.942	0.8	1	0.753	1	1	1	0.78	0.6	0.352	NA	0.141	0.833	0.714	0.534	0.976	0.929	1	0.895	1	0.917	0.938	1	0	0.977	0.971	chr1	15407275	15407487
chr1	15407347	15407349	0.788	0.114	0.864	0.97	1	1	0.031	0.034	1	1	1	1	0.875	1	1	0.887	0.8	0.332	NA	0.249	0.845	0.857	0.504	0.957	0.929	1	1	1	1	1	1	0.065	0.93	0.903	chr1	15407275	15407487
chr1	21317473	21317475	0.964	0.986	0.954	0.975	0.482	0.929	0.957	0.952	0.29	0.354	0.223	1	0.667	1	1	0.875	0.876	0.924	1	0.917	0.885	0.898	1	0.984	0.972	0.944	0.951	0.855	0.981	0	0.139	0.944	1	0.122	chr1	21317473	21317538
chr1	21317475	21317477	0.981	0.969	0.934	1	0.443	0.893	0.957	0.976	0	0.284	0.25	1	0.667	1	1	0.875	1	1	1	0.909	0.941	1	1	0.952	0.941	0.959	0.93	0.897	0.99	0.015	0.143	1	0.96	0.083	chr1	21317473	21317538
chr1	21317478	21317480	0.965	0.985	0.99	0.974	0.359	0.9	0.972	0.977	0.14	0.388	0.286	1	0.8	1	1	0.887	0.857	1	1	1	0.938	1	1	0.938	0.912	0.972	0.947	0.87	1	0.032	0.189	1	1	0.062	chr1	21317473	21317538
chr1	21317481	21317483	0.981	0.983	0.969	0.974	0.333	0.903	0.947	0.955	0.254	0.385	0.143	1	0.503	1	0.889	0.887	1	1	1	1	1	1	1	0.984	0.973	0.956	0.965	0.848	0.99	0.015	0.167	0.889	0.958	0.102	chr1	21317473	21317538
chr1	21317495	21317497	0.984	0.986	0.939	0.978	0.267	0.971	0.973	0.956	0.198	0.216	0.2	1	0.6	1	1	0.9	1	1	1	0.875	0.882	0.859	0.875	0.97	1	0.97	0.982	0.859	0.98	0.059	0.205	1	1	0.074	chr1	21317473	21317538
chr1	28243410	28243412	0.885	0.944	0.917	0.882	0.267	0.917	1	0.938	0.785	1	1	1	0.6	1	0.835	0.818	1	1	1	0.909	1	0.936	1	1	NA	1	NA	NA	0.893	0.931	0.818	0.935	1	0.947	chr1	28243410	28243581
chr1	28243480	28243482	0.867	0.957	0.857	0.889	0	1	0.889	1	0.917	0.917	1	1	1	0.833	1	0.769	0.667	0.93	0.889	0.859	0.846	1	1	0.971	NA	0.4	0.667	1	0.864	0.905	0.8	0.95	1	0.75	chr1	28243410	28243581
chr1	28243502	28243504	0.895	0.905	0.75	0.8	0	1	1	0.833	0.892	0.803	1	1	1	1	0.667	0.749	0.596	0.922	1	0.859	0.802	0.866	1	1	NA	0.167	0.5	0.833	1	0.958	0.84	0.85	1	0.905	chr1	28243410	28243581
chr1	28243510	28243512	1	0.952	1	1	0	1	1	1	1	0.889	1	1	1	1	0.667	0.884	0.902	1	1	1	0.913	1	1	0.971	NA	0.625	0.75	1	1	1	0.96	1	1	0.913	chr1	28243410	28243581
chr1	33338871	33338873	0.952	0.844	0.87	0.97	NA	0.96	0.943	0.929	0.25	0.2	0.141	1	0.67	0.923	1	0.634	1	0.638	1	1	1	0.667	0.893	0.955	1	0.953	0.921	0.982	0.985	0.013	0	0.9	0.963	0	chr1	33338871	33338968
chr1	33338912	33338914	1	0.96	0.932	0.969	0	0.929	0.941	0.933	0.667	0.096	0.125	1	0.857	0.904	1	1	0.802	0.667	1	0.93	1	1	0.902	1	0.882	1	1	0.981	0.973	0.015	0	1	1	0	chr1	33338871	33338968
chr1	33338938	33338940	0.976	0.912	0.981	0.97	0	0.969	0.96	0.939	0.378	0.109	0	1	0.665	0.904	0.935	1	1	0.75	1	0.712	1	1	0.778	0.983	0.933	0.98	0.973	0.961	0.987	0	0.022	0.96	1	0	chr1	33338871	33338968
chr1	151149698	151149700	0.957	0.979	0.19	0.903	0.85	0.971	0.984	0.913	0.875	0.909	0.936	0.613	0.411	0.374	1	0.859	1	0.948	1	1	1	0.857	0.918	0.121	0.132	1	0.976	1	0.163	0.95	0.941	0.95	0.167	0.926	chr1	151149698	151149893
chr1	151149704	151149706	0.957	1	0.268	0.903	0.934	0.971	0.967	0.977	1	1	0.942	0.602	0.854	0.499	0.833	0.875	1	0.948	1	0.835	1	0.857	1	0.233	0.167	0.946	1	0.96	0.449	0.962	1	1	0.25	0.964	chr1	151149698	151149893
chr1	151149736	151149738	0.936	0.949	0.549	1	0.803	0.935	0.909	0.864	0.926	0.71	0.714	0.668	0.667	0.75	0.8	0.859	0.833	0.874	0.875	0.778	0.936	1	0.931	0.549	0.358	0.978	1	1	0.479	0.883	0.862	0.917	0.444	0.955	chr1	151149698	151149893
chr1	159027269	159027271	0.885	0.808	0.956	1	1	1	0.87	0.857	1	1	1	1	0.876	0.8	0.746	1	1	0.702	0.9	0.884	1	0.787	0.82	0.969	0.85	1	1	1	0.935	1	1	0.852	1	1	chr1	159027269	159027377
chr1	159027286	159027288	0.9	0.833	0.945	1	1	0.97	0.897	0.905	0.857	1	1	1	1	1	1	0.941	0.885	0.665	0.67	0.689	0.778	0.867	0.64	1	0.87	0.941	1	0.97	0.926	0.938	0.926	0.912	0.919	0.926	chr1	159027269	159027377
chr1	159027360	159027362	0.886	0.722	0.951	0.966	1	0.974	0.761	0.697	0.917	1	1	1	1	0.909	1	0.92	0.938	1	0.875	0.811	1	0.939	0.902	0.962	0.976	1	0.975	0.953	0.959	0.969	1	0.763	1	1	chr1	159027269	159027377
chr1	167487555	167487557	0.849	0.453	0.972	0.939	0.961	0.975	0.543	0.294	1	1	1	1	1	1	1	0.923	1	0.6	0.778	0.6	0.785	0.941	1	0.986	1	0.88	0.891	0.967	0.974	0.932	0.973	0.565	1	1	chr1	167487555	167487792
chr1	167487593	167487595	0.843	0.38	0.97	0.927	0.951	0.974	0.607	0.22	0.875	0.917	0.946	1	1	1	0.818	0.923	1	0.629	0.778	0.444	1	0.898	1	0.985	0.955	0.896	0.927	0.964	0.944	0.961	1	0.5	0.964	0.946	chr1	167487555	167487792
chr1	167487745	167487747	0.917	0.528	0.744	0.914	0.922	0.912	0.476	NA	1	0.938	0.955	1	0.715	1	1	1	1	0.557	0.284	0.6	1	0.774	0.939	0.939	0.696	1	0.97	1	0.714	0.955	0.947	0.615	1	0.907	chr1	167487555	167487792
chr1	172391019	172391021	0.925	1	NA	1	0.966	0.973	0.989	1	1	1	1	0.402	0.668	0	0.909	1	1	1	0.875	1	1	0.938	1	0.026	0.13	1	0.963	0.981	0.012	0.991	0.914	0.939	0.054	1	chr1	172391019	172391054
chr1	172391037	172391039	0.983	0.984	NA	0.98	0.925	0.974	0.964	0.977	1	1	1	0.702	0.726	0.444	1	1	0.91	0.952	1	1	1	1	0.898	0.038	0.211	0.98	0.98	1	0.025	0.99	1	0.974	0.139	1	chr1	172391019	172391054
chr1	172391041	172391043	0.933	0.933	NA	0.962	0.951	1	0.987	0.952	1	1	1	0.67	0.545	0.3	0.909	1	1	0.855	1	0.818	1	0.942	1	0.037	0.091	0.98	0.982	0.981	0.024	0.979	0.941	1	0.077	0.972	chr1	172391019	172391054
chr1	235835413	235835415	1	0.958	0.955	1	0.946	1	0.981	0.913	0.168	0.071	0.09	1	0.668	1	1	1	1	0.895	0.89	0.667	0.844	1	1	0.983	0.889	1	0.963	1	1	0.043	0.023	0.963	0.943	0	chr1	235835413	235835472
chr1	235835419	235835421	0.935	0.929	0.977	1	0.795	0.964	0.947	0.922	0.176	0.06	0.098	0.9	0.668	1	1	1	0.95	0.852	0.89	0.698	1	1	1	0.949	0.9	0.972	1	0.949	0.953	0.102	0	0.867	0.939	0	chr1	235835413	235835472
chr1	235835456	235835458	0.911	0.828	0.934	0.944	0.761	0.974	0.897	0.844	0.059	0.223	0.185	0.931	0.753	0.941	0.907	0.946	0.915	0.818	0.716	0.8	0.915	0.938	1	0.975	1	1	0.973	0.976	0.956	0.014	0	0.846	1	0	chr1	235835413	235835472
chr1	246582494	246582496	0.973	0.972	0.862	1	0.444	1	1	1	0.275	0.33	0.25	1	0.83	1	1	0.924	1	1	1	0.887	1	1	1	1	0.917	1	0.963	1	0.978	0.146	0.182	0.944	0.938	0.35	chr1	246582494	246582615
chr1	246582512	246582514	0.929	0.903	0.957	1	0.4	0.944	0.963	0.947	0.248	0.249	0.111	1	0.83	0.918	1	1	1	1	1	1	1	1	1	1	0.906	1	0.909	1	1	0.154	0.062	0.957	1	0.105	chr1	246582494	246582615
chr1	246582520	246582522	0.962	0.933	1	0.929	0.276	0.933	0.917	0.95	0.415	0	0.25	1	0.889	0.835	1	0.848	0.753	0.833	1	0.778	1	1	0.877	1	0.968	1	0.95	1	0.956	0.056	0	0.95	1	0.095	chr1	246582494	246582615
chr10	29630631	29630633	1	1	0.971	0.964	0.093	0.913	0.969	0.97	0.33	0.333	0.624	1	0.815	0.771	1	1	1	0.917	1	1	0.944	0.922	1	0.96	0.833	1	0.931	0.897	0.962	0.345	0.212	1	0.977	0.216	chr10	29630631	29630716
chr10	29630649	29630651	0.973	0.976	0.969	1	0.06	0.958	0.964	0.935	0.404	0.271	0.667	0.909	0.818	0.816	1	1	1	0.849	1	1	0.859	1	1	1	0.818	1	0.933	0.96	0.964	0.288	0.2	0.969	1	0.121	chr10	29630631	29630716
chr10	29630664	29630666	0.972	0.975	0.939	1	0.087	0.905	1	1	0.247	0.247	0.402	0.925	0.58	0.725	1	1	1	0.922	1	0.833	1	0.857	1	1	0.9	1	1	0.958	0.907	0.204	0.114	0.931	1	0.114	chr10	29630631	29630716
chr10	29630697	29630699	0.962	0.962	1	0.95	0.074	0.857	1	0.941	0.333	0.222	0.5	1	0.643	0.846	NA	1	1	0.93	0.854	1	0.944	0.833	0.75	1	0.778	0.905	0.909	0.864	0.957	0.171	0.083	0.966	1	0.067	chr10	29630631	29630716
chr10	29630709	29630711	0.947	1	1	0.875	0.105	0.833	1	0.933	0.5	0.5	0.4	1	0.666	0.83	NA	1	1	0.877	1	1	1	0.889	0.798	1	0.778	0.895	1	1	0.977	0.179	0.143	0.963	0.939	0.074	chr10	29630631	29630716
chr10	127918737	127918739	0.983	0.944	0.923	1	0	0.872	0.977	0.948	0.111	0.167	0.083	0.918	0.625	1	1	1	1	0.898	0.751	1	0.929	1	1	0.943	0.971	0.989	0.969	0.952	0.875	0	0	0.957	1	0	chr10	127918737	127918799
chr10	127918784	127918786	1	0.917	0.953	1	0	0.941	0.989	0.956	0.124	0.404	0.122	1	0.626	1	1	1	0.909	0.938	0.911	1	0.952	1	1	0.945	1	0.988	0.969	0.904	1	0.01	0	0.962	0.97	0	chr10	127918737	127918799
chr10	127918786	127918788	0.951	0.967	0.953	1	0	0.886	0.967	0.979	0.125	0.196	0.202	1	0.626	1	1	1	1	0.936	0.82	1	0.953	1	1	0.961	1	0.989	0.979	0.944	0.967	0	0	0.926	1	0	chr10	127918737	127918799
chr11	66316546	66316548	0.239	0.887	0.976	0.054	0.93	0.147	0.933	0.925	0.961	0.5	0.939	1	1	1	0.9	1	0.7	0.901	1	1	0.961	0.3	0.735	0.973	0.988	0.901	0.925	0.139	0.969	0.918	1	1	1	1	chr11	66316546	66316583
chr11	66316570	66316572	0.278	0.908	0.935	0.038	0.96	0.086	0.947	0.981	0.96	1	1	1	1	0.926	0.848	0.887	1	1	1	1	0.96	0.5	0.786	0.976	0.955	0.953	0.905	0.149	0.944	0.955	1	1	1	1	chr11	66316546	66316583
chr11	66316573	66316575	0.26	0.891	0.9	0.06	0.94	0.143	0.936	0.889	0.957	1	1	1	1	0.931	1	1	1	0.907	0.887	1	0.887	0.5	0.929	0.989	0.978	0.92	0.875	0.182	0.936	0.956	1	1	0.955	0.962	chr11	66316546	66316583
chr11	67302260	67302262	0.971	0.918	0.981	1	0.275	0.944	1	0.943	0.496	0.25	0.634	1	0.875	0.753	1	1	1	0.898	0.8	1	1	1	0.857	0.965	1	1	1	1	1	0.432	0.37	1	1	0.194	chr11	67302260	67302299
chr11	67302266	67302268	1	0.956	0.957	0.95	0.224	0.947	1	0.943	0.667	0.75	0.417	1	1	0.835	1	1	1	0.909	0.8	1	0.948	1	1	0.964	0.919	0.939	0.909	0.903	1	0.351	0.435	1	0.857	0.233	chr11	67302260	67302299
chr11	67302269	67302271	1	0.951	0.933	0.955	0.196	0.895	1	0.971	0.649	0.198	0.499	1	1	0.802	1	1	1	0.844	0.75	1	1	1	1	0.944	0.973	0.97	0.935	0.967	1	0.405	0.423	1	0.95	0.323	chr11	67302260	67302299
chr11	67302271	67302273	1	0.884	0.915	1	0.115	0.864	1	0.973	0.469	0.198	0.499	1	0.875	0.835	1	1	1	0.765	0.503	1	0.904	1	1	0.943	0.93	1	0.879	0.966	0.947	0.282	0.207	0.944	0.947	0.242	chr11	67302260	67302299
chr11	94545720	94545722	0.963	0.984	0.928	0.971	0.041	0.857	0.962	0.932	0.271	0.4	0.468	1	0.875	1	1	0.8	1	0.877	1	0.833	1	1	1	0.951	0.933	0.982	1	0.917	0.962	0.07	0.093	0.944	0.947	0.047	chr11	94545720	94545745
chr11	94545729	94545731	0.946	1	0.969	1	0.02	0.914	0.987	0.905	0.337	0	0.465	1	0.702	1	1	1	1	1	0.625	1	1	1	1	0.961	0.962	0.956	1	0.933	0.935	0.057	0.14	1	0.889	0.07	chr11	94545720	94545745
chr11	94545731	94545733	0.944	1	0.967	0.966	0.066	0.917	0.987	0.953	0.454	0.198	0.537	1	0.875	1	1	1	0.872	0.86	1	1	1	0.803	1	0.936	0.926	1	1	0.911	0.987	0.116	0.222	0.941	1	0.098	chr11	94545720	94545745
chr11	114198078	114198080	1	0.667	NA	1	0.95	1	0.5	NA	1	0.904	1	0.92	0.915	0.902	0.893	1	0.913	0.5	0.457	0.667	0.95	1	1	0.955	1	0.75	1	NA	0.591	0.87	0.933	0.486	0.923	0.923	chr11	114198078	114198264
chr11	114198253	114198255	0.97	0.794	1	0.966	1	0.923	0.636	0.842	1	1	0.923	1	0.898	1	1	1	1	0.815	0.833	1	1	1	1	0.932	0.818	1	1	1	0.936	1	0.971	0.732	0.966	0.921	chr11	114198078	114198264
chr11	114198257	114198259	0.939	0.879	1	0.964	0.978	1	0.968	0.895	1	1	1	1	0.898	1	1	0.911	1	0.89	1	0.915	0.753	1	1	0.911	0.9	1	0.929	1	0.956	1	0.971	0.868	1	0.941	chr11	114198078	114198264
chr11	114198259	114198261	1	0.912	1	0.968	1	0.923	0.968	0.9	1	1	1	1	1	1	1	1	1	0.938	1	0.925	0.818	1	0.7	0.886	0.8	1	1	1	0.957	0.972	0.971	0.878	1	0.968	chr11	114198078	114198264
chr12	6224679	6224681	0.986	1	0.033	0.981	0.972	1	0.924	0.968	0.941	1	1	0.5	NA	0.25	1	0.875	1	1	1	1	1	0.765	1	0.045	0.036	0.982	0.982	0.968	0.09	0.868	0.964	0.758	0.079	0.853	chr12	6224679	6224704
chr12	6224694	6224696	0.934	0.926	0.024	1	0.957	0.917	0.944	0.914	0.938	1	0.918	0.571	1	0.335	0.701	0.875	0.835	0.8	0.917	0.667	1	0.935	0.926	0.033	0.034	0.932	0.983	0.986	0.068	0.877	0.967	0.833	0.059	0.943	chr12	6224679	6224704
chr12	6224701	6224703	0.873	0.929	0.073	0.959	0.907	0.976	0.931	0.852	0.934	1	1	0.5	1	0.284	0.803	0.875	0.898	0.924	0.901	1	0.895	0.892	0.641	0.035	0.069	0.966	0.983	0.961	0.122	0.883	0.968	0.88	0.03	0.852	chr12	6224679	6224704
chr12	52497043	52497045	0.934	0.902	0.139	0.93	0.789	0.769	0.845	0.932	0.872	0.837	1	0.573	0.598	0.349	0.753	0.833	0.602	1	1	1	0.827	0.651	0.635	0.176	0.065	0.936	0.932	0.814	0.134	0.946	0.941	0.795	0.116	0.926	chr12	52497043	52497290
chr12	52497099	52497101	0.914	0.911	0.11	1	0.828	0.759	0.894	0.907	0.917	0.921	1	0.38	0.25	0.283	1	1	1	0.938	0.788	0.835	0.858	0.664	0.95	0.236	0.231	0.891	0.935	0.805	0.197	0.926	0.967	0.6	0.154	0.885	chr12	52497043	52497290
chr12	52497124	52497126	0.865	0.903	0.434	0.919	0.953	0.844	0.862	0.967	0.929	1	1	0.352	0.333	0.542	0.8	0.857	0.602	0.889	0.864	1	0.763	0.763	0.652	0.582	0.783	0.977	0.944	0.964	0.5	0.981	0.886	0.917	0.484	0.967	chr12	52497043	52497290
chr12	64699911	64699913	0.957	0.929	1	1	0	0.857	0.917	0.889	0.141	0.083	0.154	0.935	0.917	0.941	0.667	1	0.404	0.732	0.858	0.667	0.91	0.93	0.909	0.958	1	1	0.75	0.692	0.964	0	0	0.844	0.957	0	chr12	64699911	64700028
chr12	64699927	64699929	1	0.824	1	1	0	0.889	0.875	1	0.25	0.182	0.085	0.936	0.917	0.941	1	1	1	0.801	1	0.75	0.959	1	1	1	0.75	1	0.667	0.7	1	0	0	0.844	0.962	0	chr12	64699911	64700028
chr12	64700016	64700018	1	0.967	1	1	0.026	0.933	0.92	1	0.163	0.198	0.18	1	0.846	0.918	1	1	0.917	0.802	0.933	0.902	1	1	1	0.98	1	1	1	NA	0.929	0.057	0	0.933	0.943	0	chr12	64699911	64700028
chr12	121278619	121278621	0.97	0.938	0.9	0.967	0.226	0.857	0.974	1	0.403	0.714	0.351	1	0.75	0.94	1	0.922	1	1	1	1	1	1	1	0.985	0.895	0.909	0.905	0.96	1	0	0	0.963	0.973	0.135	chr12	121278619	121278669
chr12	121278642	121278644	0.978	0.951	0.893	0.97	0.05	0.861	0.962	0.917	0.064	0.25	0.458	1	0.8	0.801	0.667	0.93	1	1	0.835	1	1	0.875	1	0.964	0.848	0.962	0.974	0.921	0.925	0.019	0	1	0.969	0.025	chr12	121278619	121278669
chr12	121278655	121278657	1	0.912	0.974	1	0.021	0.85	1	0.927	0.151	0.333	0.359	1	0.802	0.846	1	1	0.854	0.917	0.8	1	1	0.909	1	0.956	0.788	0.938	0.935	0.887	0.887	0	0	0.913	0.9	0.053	chr12	121278619	121278669
chr12	122400973	122400975	0.917	0.966	0.866	0.967	0.719	0.969	0.981	0.97	0.663	0.165	0.449	1	0.818	0.752	0.876	1	0.909	1	0.9	0.813	1	0.901	0.947	0.94	0.702	0.964	0.98	0.979	0.927	0.081	0.294	0.947	1	0.25	chr12	122400973	122401003
chr12	122400979	122400981	0.917	0.932	0.81	0.966	0.714	0.97	1	1	0.42	0.223	0.333	1	0.797	0.818	1	0.86	0.859	0.907	0.9	0.935	1	1	0.95	0.979	0.725	0.982	0.979	1	0.86	0.054	0.176	0.941	1	0.238	chr12	122400973	122401003
chr12	122400996	122400998	0.949	0.982	0.927	1	0.767	0.971	1	0.943	0.462	0.498	0.458	1	1	0.847	1	1	0.75	1	0.898	0.935	1	1	0.906	1	0.81	1	1	0.979	0.953	0.194	0.5	0.944	1	0.35	chr12	122400973	122401003
chr12	124433442	124433444	0.88	0.39	0.925	0.943	0.821	0.93	0.289	0.25	0.73	0.667	0.909	0.858	1	1	1	1	1	0.545	0.725	0.552	1	1	0.929	0.986	0.985	0.958	0.984	0.986	0.989	0.892	0.842	0.323	0.96	0.8	chr12	124433442	124433491
chr12	124433467	124433469	0.885	0.627	0.978	0.971	0.941	0.957	0.5	0.378	0.866	0.859	0.915	1	1	1	1	1	1	0.762	0.799	0.455	1	0.935	0.918	0.986	0.938	0.962	0.984	0.987	1	0.923	0.892	0.467	1	0.97	chr12	124433442	124433491
chr12	124433475	124433477	0.939	0.836	0.978	1	0.947	1	0.602	0.656	0.932	0.859	1	1	0.933	1	1	1	1	0.955	0.7	0.545	1	1	1	0.959	0.939	0.949	0.985	0.988	0.967	0.972	1	0.688	1	0.972	chr12	124433442	124433491
chr12	124433486	124433488	0.94	0.672	0.933	0.914	0.794	0.932	0.494	0.514	0.533	0.889	0.918	0.938	0.923	1	1	1	1	0.955	0.777	0.499	0.964	0.936	0.931	0.986	0.928	0.945	0.955	0.951	0.944	0.919	0.974	0.586	0.963	0.917	chr12	124433442	124433491
chr13	23845940	23845942	1	0.917	NA	1	0.966	1	0.947	0.923	0.875	1	0.818	0.2	0.601	0	0.833	1	1	1	1	1	1	1	1	0	0.062	0.9	1	1	0.062	1	1	0.952	0	0.944	chr13	23845940	23846056
chr13	23845964	23845966	1	1	NA	0.929	1	0.875	1	0.938	1	1	1	0.857	0.4	0.443	1	1	1	1	1	1	1	1	1	0.275	0.312	0.923	1	1	0.278	1	1	0.947	0.353	0.905	chr13	23845940	23846056
chr13	23846016	23846018	0.944	0.909	NA	0.941	0.951	1	0.955	0.833	1	0.89	0.898	0.444	0.296	0.141	1	0.7	1	1	1	1	0.816	1	1	0	0	1	1	1	0	0.947	0.955	1	0	0.958	chr13	23845940	23846056
chr13	50422257	50422259	0.84	0.714	0.952	0.85	1	1	0.698	0.688	0.91	1	1	1	1	1	0.8	1	0.876	0.819	0.667	0.917	0.749	0.698	0.165	0.976	0.913	1	0.966	1	0.935	1	1	0.552	0.971	1	chr13	50422257	50422387
chr13	50422294	50422296	0.894	0.667	1	0.971	0.942	1	0.667	0.706	0.924	0.893	1	1	0.922	0.922	0.625	0.909	0.926	0.942	0.909	0.777	0.859	0.798	0.4	0.949	0.913	0.952	0.885	0.917	0.917	0.982	1	0.435	1	1	chr13	50422257	50422387
chr13	50422306	50422308	0.884	0.514	0.913	0.939	0.966	1	0.561	0.583	0.876	0.901	1	0.915	1	0.749	0.571	0.909	0.917	0.89	0.545	0.89	0.615	0.5	0.365	1	0.818	1	0.87	0.913	0.92	1	1	0.385	0.968	1	chr13	50422257	50422387
chr13	50715504	50715506	0.967	0.951	0.986	1	0.01	1	0.953	1	0.4	0	0.304	0.835	1	0.938	1	0.727	0.833	1	1	0.889	0.89	1	1	1	0.9	0.968	0.955	0.855	1	0	0	1	1	0.043	chr13	50715504	50715521
chr13	50715512	50715514	0.943	0.977	0.959	0.95	0.01	0.824	0.984	0.964	0.223	0.098	0.304	0.924	1	0.944	1	0.904	0.833	0.778	0.876	1	0.875	1	1	0.984	0.955	0.953	0.923	0.855	1	0	0	1	1	0	chr13	50715504	50715521
chr13	50715515	50715517	0.919	0.841	0.958	0.95	0.01	0.75	0.924	0.655	0.455	0.083	0.304	0.837	1	0.781	1	0.8	0.833	0.8	1	0.898	0.875	1	1	1	0.952	0.969	0.943	0.806	1	0	0	0.933	0.95	0	chr13	50715504	50715521
chr13	99616347	99616349	0.853	0.792	0.929	1	0.891	0.818	0.759	0.875	0.942	0.835	0.88	1	0.907	0.945	0.889	0.887	0.704	0.858	0.798	1	0.626	1	0.89	1	0.5	1	1	1	0.84	0.882	0.909	0.778	0.923	0.9	chr13	99616347	99616550
chr13	99616521	99616523	0.88	0.593	1	0.889	0.931	0.944	0.594	0.7	0.945	0.909	1	1	1	1	0.859	0.87	0.844	0.849	0.584	1	0.914	0.846	0.667	0.963	0.833	0.846	0.933	0.889	0.93	0.949	0.962	0.633	0.935	0.923	chr13	99616347	99616550
chr13	99616523	99616525	0.962	0.724	0.952	0.944	0.931	0.944	0.5	0.85	1	1	1	1	0.924	1	1	1	0.83	0.922	0.749	1	0.914	0.849	1	1	1	0.846	1	1	1	0.974	0.96	0.7	0.969	0.893	chr13	99616347	99616550
chr14	50096437	50096439	0.333	0.647	0.783	0.194	0.918	0.353	0.875	0.833	1	1	1	0.814	0.859	1	0.089	0.333	0.366	0.753	0.823	0.898	0.634	0.542	0.645	1	0.818	0	0.059	0.571	0.946	0.905	0.775	0.842	0.821	0.976	chr14	50096437	50096639
chr14	50096483	50096485	0.757	0.957	0.967	0.367	1	0.917	0.966	0.941	0.942	1	1	0.872	0.734	1	0.3	0.5	0.143	0.837	0.891	1	0.75	0.771	0.734	1	0.778	0.037	0.04	0.767	0.939	1	0.973	0.96	1	0.969	chr14	50096437	50096639
chr14	50096491	50096493	0.474	0.769	0.767	0.31	0.923	0.769	0.871	0.85	1	0.75	1	0.736	0.576	1	0.089	0.169	0.214	0.75	0.872	0.872	0.815	0.357	0.646	0.948	0.75	0	0.033	0.75	0.794	0.886	0.868	0.917	1	0.833	chr14	50096437	50096639
chr15	41259971	41259973	0.984	0.83	0.878	0.976	0.968	1	0.841	0.804	1	0.8	1	1	1	1	1	1	1	0.848	0.824	0.778	1	1	1	1	0.78	0.978	0.956	1	0.932	1	1	0.844	1	0.938	chr15	41259971	41260008
chr15	41259975	41259977	0.986	0.865	0.966	0.98	0.963	1	0.905	0.831	1	1	0.909	1	1	1	1	0.898	1	0.929	0.876	1	0.957	1	1	1	0.775	0.947	0.922	1	0.954	0.975	0.87	0.938	0.941	0.941	chr15	41259971	41260008
chr15	41259980	41259982	0.962	0.561	0.914	0.961	0.947	1	0.726	0.46	1	1	1	1	1	0.901	1	1	1	0.714	0.496	0.875	0.957	1	1	0.958	NA	0.983	1	1	0.969	0.963	1	0.621	1	0.972	chr15	41259971	41260008
chr15	63502520	63502522	1	0.956	1	0.968	NA	0.783	0.98	0.972	0	0.223	0.337	1	0.43	1	1	1	1	1	0.833	1	0.945	1	1	0.978	0.714	1	0.968	1	0.976	0.014	0.059	1	1	0	chr15	63502520	63502705
chr15	63502535	63502537	0.923	0.932	0.889	0.912	NA	0.846	0.918	0.944	0	0.253	0	0.922	0.667	1	0.5	0.89	1	1	0.833	1	0.766	0.857	0.902	0.981	0.75	0.955	1	1	0.872	0.014	0	1	0.929	0	chr15	63502520	63502705
chr15	63502591	63502593	0.974	0.94	0.932	0.903	NA	0.769	0.943	0.875	0	0	0	1	0.89	1	1	1	0.875	0.846	0.833	0.75	0.735	1	1	0.982	0.778	1	0.933	0.848	0.929	0	0	0.969	1	0.037	chr15	63502520	63502705
chr15	63502666	63502668	0.941	0.961	0.878	0.972	NA	0.808	0.959	0.897	0.336	0.167	0	0.923	0.501	1	0.875	1	1	0.887	0.8	0.667	0.845	1	1	0.932	0.921	0.925	0.976	0.855	0.935	0	0	1	0.964	0.033	chr15	63502520	63502705
chr15	90590937	90590939	0.875	0.857	NA	0.9	0.905	1	1	0.852	1	1	1	0.654	0.467	0.064	0.725	0.747	0.643	0.918	0.5	0.907	1	0.92	0.686	0.394	0.579	0.833	0.952	0.85	0.094	0.95	0.96	0.963	0.303	0.977	chr15	90590937	90591110
chr15	90591008	90591010	0.972	1	0.542	0.964	0.948	0.947	0.882	0.943	1	1	1	0.444	0.364	0.215	1	1	1	1	0.816	1	0.873	0.929	1	0.32	NA	1	0.955	1	0.311	0.985	1	0.9	0.179	0.975	chr15	90590937	90591110
chr15	90591038	90591040	0.944	0.93	0.682	0.931	0.923	0.952	1	0.969	1	1	1	0.766	0.694	0.453	0.887	0.8	0.933	0.884	0.9	1	0.882	1	0.929	0.49	NA	1	1	0.917	0.371	1	1	1	0.586	0.976	chr15	90590937	90591110
chr15	99442853	99442855	0.967	1	0.15	0.929	0.985	0.958	0.957	1	1	1	1	0.286	0.5	0	0.835	0.833	0.622	1	1	0.5	1	0.924	0.915	0.341	0.091	0.967	1	0.964	0.157	0.982	1	1	0.25	0.941	chr15	99442853	99442884
chr15	99442864	99442866	0.939	0.933	0.208	0.933	1	1	0.933	0.974	1	1	1	0.557	0.716	0.154	1	0.447	0.798	0.75	1	0.5	0.955	0.8	1	0.404	0.3	0.968	1	0.966	0.17	0.967	0.936	0.975	0.378	0.944	chr15	99442853	99442884
chr15	99442876	99442878	0.973	0.957	0.226	0.92	0.932	1	0.947	0.881	1	1	1	0.602	0.498	0.071	0.875	0.547	0.602	1	1	0.5	0.955	0.765	0.83	0.467	0.375	0.939	0.972	0.97	0.175	0.984	1	0.949	0.439	0.943	chr15	99442853	99442884
chr15	99455233	99455235	0.95	0.983	0.959	0.949	0.887	0.966	0.959	1	0.571	0.556	0.333	0.835	1	1	0.75	1	0.875	0.917	0.833	1	0.867	0.889	0.857	0.971	0.95	0.956	0.93	0.976	0.987	0.041	0.023	0.964	1	0	chr15	99455233	99455299
chr15	99455263	99455265	0.978	0.935	0.941	1	0.984	0.96	0.85	1	0.573	0.889	0	1	0.753	0.9	0.71	0.876	0.5	1	0.83	1	0.79	0.875	1	0.966	0.941	0.979	0.951	0.925	0.953	0.07	0.163	0.897	0.958	0.132	chr15	99455233	99455299
chr15	99455269	99455271	0.956	0.976	1	0.97	1	0.958	1	1	0.716	0.859	NA	1	1	1	1	1	0.75	0.846	1	1	0.932	0.854	1	0.983	0.895	1	0.97	1	0.966	0.119	0.413	1	0.957	0.636	chr15	99455233	99455299
chr16	3591014	3591016	0.92	0.911	0.978	0.978	0	0.935	0.971	0.981	0.287	0	0	1	0.667	0.931	0.94	1	0.907	0.902	0.854	1	1	1	1	0.969	0.881	0.991	0.969	0.928	0.981	0	0	1	0.944	0	chr16	3591014	3591052
chr16	3591017	3591019	0.981	0.932	0.971	1	0.008	0.969	0.935	0.981	0.249	0	0	1	0.833	0.934	0.94	0.667	1	1	0.717	1	1	1	1	0.932	0.902	0.973	0.969	0.92	0.981	0	0	0.952	0.971	0	chr16	3591014	3591052
chr16	3591024	3591026	0.927	0.929	0.959	0.98	0	0.941	0.965	1	0.222	0	0.2	1	0.857	0.934	0.927	1	0.907	0.901	0.746	1	1	1	1	0.987	0.956	0.976	0.98	0.889	0.991	0	0	1	0.921	0	chr16	3591014	3591052
chr16	10594823	10594825	0.812	0.881	NA	1	0.866	0.786	0.851	0.875	0.89	0.75	0.898	0.415	0.143	0.222	0.56	1	0.602	0.785	0.867	0.9	0.847	0.429	0.746	NA	NA	0.859	0.919	0.85	0	0.91	1	0.871	0.061	1	chr16	10594823	10595007
chr16	10594891	10594893	0.773	0.932	0	0.85	0.733	0.808	0.75	0.88	1	1	1	0.167	0.125	0.249	0.6	0.802	0.857	0.849	0.692	0.75	0.835	0.603	1	0	NA	0.778	0.878	0.739	0.012	0.941	0.875	0.613	0.056	0.879	chr16	10594823	10595007
chr16	10594918	10594920	0.97	0.971	0.087	1	0.887	0.842	0.933	0.952	0.902	0.872	1	0.167	0.125	0.337	0.667	1	0.857	1	0.93	0.876	0.846	0.887	1	0.032	0	0.962	0.944	0.864	0.075	0.926	0.963	0.912	0	0.971	chr16	10594823	10595007
chr16	10594952	10594954	0.8	0.851	0.014	0.889	0.825	0.63	0.65	0.868	1	0.857	1	0	0.456	0.223	1	1	0.833	0.887	0.835	0.71	0.867	0.724	0.802	0	0	0.927	0.939	0.785	0	0.95	0.912	0.778	0.034	0.85	chr16	10594823	10595007
chr16	12344796	12344798	0.882	1	1	1	0.037	0.929	0.95	1	0.2	0	0.333	1	0.875	1	1	0.889	1	1	1	0.8	1	0.898	1	1	1	0.929	1	1	1	0.269	0	0.931	0.933	0.2	chr16	12344796	12344914
chr16	12344801	12344803	1	1	0.905	1	0.062	0.882	1	0.923	0.333	0.333	0.18	1	1	1	1	0.847	1	1	1	0.602	1	1	1	1	1	1	1	1	1	0.321	0.065	1	0.929	0.36	chr16	12344796	12344914
chr16	12344840	12344842	1	0.927	0.912	1	0.018	0.909	0.955	0.897	0.398	0.333	0.085	1	0.9	1	1	0.803	1	1	0.835	0.859	1	1	1	1	1	0.9	1	0.783	0.978	0.119	0.031	0.941	1	0.088	chr16	12344796	12344914
chr16	27414936	27414938	0.931	0.875	1	0.889	0	0.733	0.972	1	0.2	0.111	0.25	0.859	0.616	1	1	0.703	0.835	1	0.929	0.909	0.932	0.604	0.859	0.943	1	1	1	NA	0.879	0	0	1	0.941	0	chr16	27414936	27415072
chr16	27415038	27415040	1	0.931	NA	0.947	0.057	0.833	1	0.952	0.085	0.333	0.22	1	0.449	1	NA	0.956	0.857	1	0.864	0.923	0.917	1	0.94	0.969	0.889	0.667	1	1	0.92	0	0.03	0.958	0.947	0.037	chr16	27414936	27415072
chr16	27415066	27415068	1	0.97	1	0.909	0.043	0.882	0.96	0.889	0	0.17	0.089	1	0.662	1	1	0.95	0.857	1	0.887	0.833	1	0.938	1	0.902	1	1	1	0.929	1	0	0	1	1	0	chr16	27414936	27415072
chr16	74521823	74521825	0.944	0.909	0.375	0.917	0.947	0.882	0.891	0.833	1	0.844	1	0.833	0.5	0.734	1	1	0.802	0.75	0.929	0.833	1	0.725	0.903	0.646	0.588	0.917	0.882	1	0.619	0.938	0.956	0.971	0.706	0.851	chr16	74521823	74522007
chr16	74521917	74521919	0.986	0.969	0.435	0.951	0.962	1	0.951	0.952	1	1	1	0.625	0.729	0.571	0.833	1	1	0.872	1	0.628	1	0.867	0.928	0.457	0.5	0.974	0.971	0.898	0.574	0.959	0.972	0.974	0.333	1	chr16	74521823	74522007
chr16	74521999	74522001	0.983	0.98	0.941	0.971	0.989	0.946	0.958	0.966	1	1	1	1	1	1	0.868	1	1	0.902	0.907	1	1	0.909	1	0.985	0.955	1	0.971	0.975	0.974	0.969	0.935	0.957	1	0.958	chr16	74521823	74522007
chr16	84082953	84082955	1	0.961	0.981	1	0	0.844	0.959	0.95	0.165	0.185	0.154	1	0.33	1	0.875	1	1	1	0.889	1	0.933	0.875	1	0.985	1	0.971	1	0.966	0.977	0	0	0.966	1	0.047	chr16	84082953	84083088
chr16	84083055	84083057	0.864	0.938	0.895	0.967	0	0.828	0.898	0.905	0.286	0.228	0.249	1	0.665	1	1	0.667	0.915	1	0.75	1	0.897	1	0.849	0.957	1	0.974	0.957	0.914	0.964	0	0	0.871	0.964	0	chr16	84082953	84083088
chr16	84083063	84083065	0.932	0.985	1	0.882	0	0.914	0.962	0.97	0.143	0.232	0.201	1	0.835	1	1	0.891	1	0.927	0.333	1	1	1	1	0.972	0.9	0.976	1	1	0.983	0.031	0	0.933	1	0.027	chr16	84082953	84083088
chr16	85481042	85481044	0.902	0.875	NA	0.974	0.944	1	0.946	0.911	0.917	0.833	1	0	0.615	0	0.9	0.835	0.818	1	1	0.753	1	0.898	0.777	0	0	0.955	0.97	0.95	0.016	0.972	1	0.917	0	0.967	chr16	85481042	85481059
chr16	85481046	85481048	0.871	0.868	NA	0.977	0.915	1	0.918	0.932	0.889	0.833	0.8	0	0.461	0	1	1	0.924	1	1	1	1	0.911	0.67	0	0	0.935	0.939	0.99	0.008	0.958	0.889	0.92	0	0.966	chr16	85481042	85481059
chr16	85481053	85481055	0.918	0.933	NA	0.953	0.963	1	0.938	0.951	1	0.833	1	0	0.539	0.197	1	0.497	0.868	1	1	1	1	1	1	0	0	0.953	0.97	0.948	0	1	0.962	0.957	0	1	chr16	85481042	85481059
chr16	85521121	85521123	0.936	0.679	0.935	1	0.933	0.981	0.756	0.609	0.925	1	1	0.907	1	1	0.746	0.887	1	0.602	0.667	0.382	1	0.82	0.938	0.978	0.971	0.982	0.971	0.961	0.913	1	1	0.583	0.97	0.964	chr16	85521121	85521230
chr16	85521161	85521163	0.929	0.562	0.95	0.98	0.965	0.983	0.667	0.418	0.927	1	1	1	1	1	1	1	1	0.612	0.753	0.699	0.947	1	0.884	0.959	0.962	0.946	0.98	0.991	0.952	0.988	0.976	0.621	1	1	chr16	85521121	85521230
chr16	85521172	85521174	0.936	0.755	0.955	0.955	0.965	0.981	0.863	0.759	1	1	1	1	1	1	1	1	0.938	0.82	1	1	0.942	1	1	0.959	0.968	1	1	0.964	0.975	0.965	0.974	0.778	0.968	0.933	chr16	85521121	85521230
chr16	85521193	85521195	0.939	0.725	0.936	0.957	0.972	0.93	0.741	0.673	1	0.727	1	1	0.9	1	1	0.778	1	0.689	1	0.75	0.956	0.94	0.945	0.97	0.99	0.977	0.977	0.963	0.962	1	0.953	0.824	0.966	1	chr16	85521121	85521230
chr16	85521223	85521225	0.917	0.729	0.98	0.935	0.957	0.977	0.75	0.636	1	1	1	0.938	0.835	1	1	1	1	0.588	1	1	1	1	0.85	0.907	0.961	1	1	0.968	0.878	0.972	0.976	0.719	1	0.921	chr16	85521121	85521230
chr17	2803593	2803595	0.986	0.954	0.974	0.981	0.006	0.875	0.95	0.964	0.11	0.141	0.163	1	0.753	1	1	1	1	0.9	0.772	1	1	0.898	1	0.98	0.855	0.97	0.91	0.903	0.98	0.021	0	0.971	1	0.023	chr17	2803593	2803605
chr17	2803595	2803597	1	0.953	0.974	0.98	0.012	0.877	0.97	0.981	0.333	0.141	0.163	1	0.753	1	1	1	1	0.818	0.901	1	1	0.898	1	0.97	0.848	1	0.971	0.933	0.98	0	0	0.971	0.96	0.048	chr17	2803593	2803605
chr17	2803603	2803605	0.986	0.952	0.965	1	0.02	0.915	0.963	0.962	0.124	0.2	0.222	1	0.75	1	1	1	1	0.772	0.901	1	1	0.859	1	0.98	0.8	0.958	0.952	0.917	0.949	0.054	0	1	1	0.023	chr17	2803593	2803605
chr17	3967020	3967022	1	0.952	NA	1	0.921	0.938	0.908	0.951	1	0.667	0.857	0.333	0.498	0	1	1	1	0.908	0.89	1	0.906	1	1	0.054	NA	0.962	0.986	0.963	0.009	0.986	0.97	0.964	0	0.938	chr17	3967020	3967120
chr17	3967028	3967030	0.896	0.933	NA	0.939	0.791	0.939	0.909	0.833	0.667	0.833	1	0.571	0.5	0.198	0.857	0.75	1	0.948	1	1	0.908	1	0.917	0.017	NA	0.973	0.962	0.915	0	0.879	0.853	0.893	0	0.765	chr17	3967020	3967120
chr17	3967112	3967114	0.882	0.788	NA	0.871	0.836	1	0.828	0.895	1	0.33	1	0.427	0.333	0	1	1	1	1	1	1	1	1	0.816	0	NA	0.95	0.915	0.883	0.009	0.89	0.97	0.955	0	0.938	chr17	3967020	3967120
chr17	42225840	42225842	0.944	0.944	0.909	0.938	0	0.947	1	1	0.065	0.154	0	0.9	0.876	1	1	1	1	0.944	1	1	1	1	0.929	0.982	0.909	1	1	NA	0.971	0.024	0	0.975	0.958	0	chr17	42225840	42226002
chr17	42225859	42225861	1	0.973	1	0.971	0	0.933	0.966	1	0.074	0.064	0.091	0.918	0.8	0.889	0.714	0.917	1	1	1	0.868	1	0.929	0.769	0.949	0.727	1	0.833	NA	1	0	0	1	0.92	0.05	chr17	42225840	42226002
chr17	42225996	42225998	0.905	0.947	0.833	1	0.361	0.938	0.967	0.857	0.645	0.083	0.419	1	0.802	0.857	1	1	1	1	0.947	1	1	1	1	1	NA	1	1	0.875	0.938	0.2	0.348	1	0.885	0.485	chr17	42225840	42226002
chr17	56897044	56897046	0.982	0.948	0	0.917	0.959	0.966	0.98	0.971	1	0.8	0.926	0.333	0.502	0.502	1	0.778	1	0.871	1	0.881	0.954	0.887	1	0.114	NA	1	1	1	0.033	0.983	1	0.943	0.293	0.976	chr17	56897044	56897297
chr17	56897066	56897068	0.982	0.983	0.217	0.932	0.988	0.939	0.981	1	1	1	1	0.695	0.6	0.82	1	1	1	1	1	0.941	1	1	1	0.603	0.627	1	0.909	0.962	0.182	1	1	0.976	0.825	1	chr17	56897044	56897297
chr17	56897098	56897100	0.983	0.956	0	0.959	0.98	1	0.955	0.972	1	1	1	0.143	0.298	0.222	0.939	0.889	1	0.939	0.92	1	0.938	1	1	0.025	0.049	1	1	0.969	0.031	0.985	1	1	0.056	0.969	chr17	56897044	56897297
chr17	58493604	58493606	0.973	0.93	0.912	0.972	NA	0.95	0.972	1	0.334	0.462	0.1	1	0.634	0.907	1	1	1	1	0.667	1	1	1	0.625	0.977	0.967	0.957	0.889	0.926	0.943	0.225	0.304	0.935	1	0.348	chr17	58493604	58493699
chr17	58493632	58493634	0.981	0.962	0.929	0.952	0	0.931	1	0.971	0.074	0.08	0.2	1	0.67	1	1	1	1	0.905	0.8	1	1	1	1	0.981	0.909	0.964	0.926	0.9	0.925	0.146	0.103	0.973	1	0.263	chr17	58493604	58493699
chr17	58493654	58493656	0.964	0.967	0.958	0.977	0	0.969	1	1	0.083	0.113	0.1	1	0.6	1	1	1	0.889	1	0.8	1	1	1	1	0.984	0.931	0.929	0.889	0.929	0.98	0.067	0.036	1	0.962	0	chr17	58493604	58493699
chr17	77100299	77100301	1	1	0.97	1	0.8	0.933	0.909	0.914	0.747	0.714	0	1	1	1	1	0.923	1	1	1	1	1	1	0.75	0.963	0.938	0.95	1	0.958	1	0.1	0.115	0.944	1	0.294	chr17	77100299	77100328
chr17	77100305	77100307	1	0.961	0.97	1	0.833	1	0.851	0.914	0.501	0.286	0.128	1	0.602	1	0.877	1	1	1	1	1	1	0.907	1	0.981	0.933	0.952	1	0.92	0.969	0.162	0.217	0.944	1	0.235	chr17	77100299	77100328
chr17	77100321	77100323	0.944	0.96	1	1	0.75	1	0.824	0.972	0.167	0.429	0	1	0.667	1	1	1	1	0.875	1	1	1	1	1	0.959	0.917	1	1	1	0.926	0.031	0	1	1	0.071	chr17	77100299	77100328
chr17	77323124	77323126	0.97	0.946	0.062	1	0.92	0.923	0.974	0.857	0.78	0.835	0.75	0.28	0.414	0.222	0.75	0.936	0.75	1	0.857	0.802	0.942	0.833	1	0	0	0.96	0.923	0.909	0	0.767	0.893	0.833	0	0.895	chr17	77323124	77323265
chr17	77323140	77323142	1	0.886	0.067	0.969	0.959	1	0.974	1	0.875	0.75	0.8	0.31	0.4	0.333	1	0.938	1	1	0.887	0.875	1	0.833	1	0.024	0	0.957	1	0.957	0	0.517	0.966	0.963	0	0.9	chr17	77323124	77323265
chr17	77323156	77323158	0.964	0.909	0	0.971	0.9	1	1	0.893	1	0.75	0.802	0.253	0.25	0.143	0.667	1	1	0.91	0.857	0.716	0.952	0.833	1	0	0	1	0.92	0.962	0.032	0.429	0.885	1	0	0.955	chr17	77323124	77323265
chr17	77323176	77323178	1	1	0	1	0.911	0.958	0.935	0.92	1	0.247	0.8	0.235	0.25	0	1	1	1	1	1	0.6	1	0.875	1	0	0.059	1	1	0.931	0	0.387	0.909	0.966	0	1	chr17	77323124	77323265
chr17	77323237	77323239	0.872	0.854	NA	0.974	0.8	0.882	0.872	0.816	0.846	1	0.535	0.25	0.857	0.165	0.75	1	0.902	1	0.833	1	0.903	0.86	0.907	0	0	1	1	0.914	0	0.49	0.857	1	0	0.758	chr17	77323124	77323265
chr17	79951996	79951998	0.934	0.909	0.138	0.978	0.955	1	0.857	1	0.909	1	1	0.333	1	0	0.497	0.91	1	0.889	1	1	1	0.791	0.876	0.02	0	1	1	0.927	0.17	1	0.971	0.893	0	0.957	chr17	79951996	79952135
chr17	79952046	79952048	0.963	0.908	0.704	0.927	0.954	1	0.892	0.961	1	1	1	0.375	0.694	0.496	0.8	0.858	0.833	0.938	1	0.891	0.929	0.791	0.933	0.148	0.03	1	0.939	0.962	0.595	0.931	0.966	0.9	0.194	0.93	chr17	79951996	79952135
chr17	79952069	79952071	0.942	0.923	0.417	1	0.972	0.926	0.933	0.898	0.857	1	1	0.222	0.766	0.096	1	0.846	1	0.942	1	0.891	0.938	0.877	0.92	0.2	0	1	0.929	1	0.417	0.946	0.897	0.906	0.074	1	chr17	79951996	79952135
chr17	82848475	82848477	0.721	0.234	0.973	0.952	0.953	0.96	0.291	0.207	1	0.835	1	1	1	1	0.875	1	0.901	0.663	0.556	0.396	0.656	0.747	0.857	0.98	1	0.962	1	0.95	1	0.944	0.973	0.25	0.966	0.903	chr17	82848475	82848555
chr17	82848481	82848483	0.795	0.229	0.974	0.96	0.97	0.962	0.304	0.222	0.929	0.8	1	0.802	0.917	1	0.875	0.887	0.923	0.5	0.444	0.618	0.636	0.67	0.75	0.98	1	1	0.97	0.958	0.981	0.966	1	0.267	1	0.969	chr17	82848475	82848555
chr17	82848493	82848495	0.8	0.264	0.979	0.875	0.986	0.962	0.31	0.233	1	1	0.923	1	1	1	0.857	0.714	0.909	0.443	0.333	0.436	0.628	0.751	0.499	0.981	1	1	1	0.929	0.953	0.955	1	0.25	0.963	0.971	chr17	82848475	82848555
chr17	82848498	82848500	0.788	0.245	0.981	0.875	0.973	0.966	0.323	0.29	0.939	1	1	1	1	0.939	0.857	0.833	0.909	0.444	0.333	0.36	0.742	0.663	0.833	0.981	0.947	0.95	1	0.963	0.984	0.984	0.941	0.233	0.964	0.941	chr17	82848475	82848555
chr17	82848511	82848513	0.83	0.304	0.982	0.867	0.961	0.935	0.261	0.306	0.942	1	1	1	1	1	0.889	0.857	0.917	0.543	0.3	0.269	0.759	0.663	0.833	0.984	0.952	1	1	0.963	0.968	1	0.971	0.259	0.967	0.973	chr17	82848475	82848555
chr18	48947109	48947111	0.969	0.744	0.923	0.935	0.974	0.974	0.682	0.667	1	1	1	1	0.9	0.95	1	0.89	1	0.917	1	0.9	0.92	0.876	0.889	0.951	1	1	1	NA	0.929	0.911	1	0.872	0.95	0.955	chr18	48947109	48947239
chr18	48947177	48947179	0.964	0.806	0.875	0.962	0.969	1	0.727	0.625	1	0.857	0.889	0.8	0.751	1	1	1	0.901	0.746	0.778	0.698	0.911	0.75	0.665	0.97	1	1	1	1	0.974	0.971	1	0.846	0.971	1	chr18	48947109	48947239
chr18	48947202	48947204	0.981	0.844	1	0.976	0.97	0.976	0.889	0.792	1	0.8	1	1	0.75	1	1	1	1	0.891	0.901	1	0.91	0.875	0.875	0.962	0.935	0.889	0.969	0.947	0.956	1	1	0.829	0.95	0.931	chr18	48947109	48947239
chr18	48947219	48947221	0.964	0.8	0.925	1	0.985	1	0.786	0.696	1	0.857	0.621	0.889	0.835	1	1	1	1	0.702	0.854	0.628	0.91	0.857	0.875	0.978	0.941	0.913	0.944	0.926	0.979	0.964	1	0.771	0.974	1	chr18	48947109	48947239
chr18	55424026	55424028	0.857	0.8	NA	1	0.966	1	1	1	0.898	0.875	1	0.379	0.75	0.25	1	1	0.497	0.714	0.819	1	0.913	0.823	0.667	0.077	NA	0.9	0.889	1	0.074	0.95	0.947	0.933	0.118	1	chr18	55424026	55424162
chr18	55424046	55424048	1	0.929	0.5	0.933	0.972	1	1	1	0.922	1	1	0.247	0.398	0.333	1	1	1	1	1	1	1	0.924	0.875	0.125	NA	1	0.962	1	0.194	1	1	1	0.118	1	chr18	55424026	55424162
chr18	55424080	55424082	0.893	1	0.29	0.957	0.981	1	1	1	1	1	1	0.289	0.5	0.308	1	1	0.875	1	1	1	0.8	1	1	0.08	0	1	1	0.949	0.244	0.909	1	0.952	0.111	1	chr18	55424026	55424162
chr18	58946342	58946344	1	1	NA	1	NA	1	0.867	1	1	0.93	1	0.777	0.802	0.625	1	0.9	0.78	0.8	0.931	1	1	0.727	0.8	0.185	NA	0.909	1	1	0.04	0.923	1	1	0.3	1	chr18	58946342	58946468
chr18	58946352	58946354	0.964	0.963	NA	1	0.857	0.923	0.875	1	1	1	1	0.67	0.6	0.625	0.904	0.909	1	1	0.939	1	1	0.551	0.835	0.172	NA	0.923	0.917	0.9	0.037	0.92	0.952	1	0.316	1	chr18	58946342	58946468
chr18	58946394	58946396	1	1	NA	1	0.952	1	0.917	1	1	0.889	1	0.803	0.503	0.284	0.857	0.929	0.931	1	1	0.859	1	0.877	1	0.167	0.182	0.923	1	1	0	0.968	0.909	0.846	0.25	1	chr18	58946342	58946468
chr19	2546697	2546699	0.9	0.238	0.961	0.944	0.343	0.829	0.037	0.018	0.5	0	0.714	0.875	0.804	1	1	1	0.891	0.351	0.5	0.665	0.912	1	1	0.776	0.913	0.84	0.882	0.7	0.89	0.607	0.667	0	0.786	0.783	chr19	2546697	2546743
chr19	2546699	2546701	0.784	0.25	0.952	0.735	0.363	0.575	0.009	0.018	0.429	0.198	0.714	0.625	0.91	1	1	1	1	0.223	0.429	0.665	0.905	0.751	0.909	0.76	0.915	0.805	0.821	0.514	0.835	0.532	0.733	0	0.714	0.84	chr19	2546697	2546743
chr19	2546702	2546704	0.736	0.183	0.929	0.943	0.277	0.707	0.028	0	0.5	0.2	0.5	0.716	0.728	1	1	0.917	0.887	0.254	0.429	0.5	0.778	0.889	0.909	0.72	0.83	0.737	0.868	0.521	0.841	0.508	0.548	0	0.667	0.76	chr19	2546697	2546743
chr19	2546715	2546717	0.882	0.293	0.98	0.897	0.297	0.81	0.048	0.036	0.5	0.165	0.571	0.802	0.818	1	1	1	1	0.277	0.6	0.5	0.941	1	1	0.872	0.935	0.864	0.93	0.708	0.928	0.594	0.733	0	0.786	0.8	chr19	2546697	2546743
chr19	2546717	2546719	0.875	0.271	0.99	0.964	0.465	0.9	0.019	0.074	0.499	0.165	0.714	1	0.782	1	1	1	1	0.311	0.67	0.667	0.949	1	0.875	0.803	0.933	0.861	0.923	0.653	0.912	0.716	0.806	0.069	0.933	0.917	chr19	2546697	2546743
chr19	2546720	2546722	0.833	0.259	0.921	0.964	0.365	0.872	0.058	0.078	0.57	0.165	0.667	0.497	0.801	1	1	0.9	1	0.466	0.57	0.625	0.944	0.875	1	0.766	0.911	0.852	0.928	0.64	0.88	0.618	0.677	0.069	0.8	0.84	chr19	2546697	2546743
chr19	2546738	2546740	0.905	0.322	0.969	1	0.538	0.73	0.039	0.039	0.544	0.165	0.833	0.802	0.801	1	0.798	0.877	0.774	0.293	0.67	0.625	0.949	1	1	0.731	0.923	0.846	0.955	0.716	0.838	0.638	0.833	0	0.833	0.895	chr19	2546697	2546743
chr19	2546741	2546743	0.854	0.305	0.968	1	0.433	0.795	0.03	0.039	0.497	0.5	0.857	0.667	0.782	1	1	1	0.703	0.14	0.71	0.25	0.799	1	1	0.671	0.951	0.818	0.925	0.722	0.867	0.6	0.571	0	0.7	0.85	chr19	2546697	2546743
chr19	2546821	2546823	0.706	0.224	0.925	0.966	0.4	0.679	0.082	0.128	0.6	0.286	0.857	0.556	0.753	0.891	0.818	0.91	0.901	0.199	0.43	0.667	0.847	0.915	1	0.811	0.884	0.932	0.912	0.638	0.875	0.607	0.867	0	0.95	0.8	chr19	2546821	2546858
chr19	2546845	2546847	0.757	0.255	0.862	0.885	0.301	0.733	0.061	0.102	0.359	0.167	0.429	0.75	0.835	1	0.913	0.698	0.893	0.25	0.25	0.753	0.588	0.831	0.833	0.797	0.841	0.851	0.944	0.6	0.911	0.386	0.793	0	0.913	0.696	chr19	2546821	2546858
chr19	2546852	2546854	0.868	0.308	0.89	0.963	0.222	0.645	0.1	0.125	0.615	0.503	0.398	0.778	0.835	0.667	0.913	0.917	0.893	0.309	0.38	0.333	0.8	0.927	1	0.855	0.935	0.907	0.932	0.651	0.9	0.468	0.767	0	0.913	0.643	chr19	2546821	2546858
chr19	5954731	5954733	0.914	0.844	0.953	0.941	0.926	0.941	0.88	0.731	1	1	0.5	1	1	1	1	0.889	1	0.751	0.25	0.667	1	1	0.936	0.977	1	0.885	1	0.886	0.914	1	1	0.8	1	0.963	chr19	5954731	5954924
chr19	5954840	5954842	0.949	0.853	0.875	0.938	0.942	1	0.833	0.815	1	0.889	1	0.909	1	0.918	1	1	1	0.857	0.797	1	1	1	1	0.98	0.926	0.925	0.868	0.818	0.914	0.884	0.926	0.769	0.842	1	chr19	5954731	5954924
chr19	5954844	5954846	0.929	0.892	0.95	0.933	0.982	0.941	0.868	0.793	1	1	1	0.911	1	1	1	0.859	1	0.929	0.917	0.9	0.948	1	1	0.981	0.929	0.967	0.95	0.912	0.914	0.935	0.963	0.889	0.895	0.962	chr19	5954731	5954924
chr19	5954918	5954920	0.969	0.326	0.97	1	0.976	0.938	0.333	0.235	1	1	1	1	1	1	1	1	0.917	0.765	0.574	0.355	1	1	1	0.984	0.964	0.967	1	1	0.968	0.959	0.972	0.278	1	0.947	chr19	5954731	5954924
chr19	10612729	10612731	0.907	0.547	0.968	0.914	0.953	0.963	0.62	0.483	1	0.917	1	0.931	1	1	1	0.929	0.78	0.787	0.333	0.497	1	1	1	0.973	0.966	0.957	0.969	0.946	0.935	0.958	0.949	0.5	1	0.977	chr19	10612729	10612786
chr19	10612735	10612737	0.833	0.554	0.901	0.971	0.953	0.933	0.491	0.333	1	0.802	0.835	0.931	1	1	1	0.871	0.872	0.772	0.668	0.628	0.947	0.9	1	0.899	0.931	0.958	0.952	0.986	0.923	0.935	0.907	0.281	0.96	0.953	chr19	10612729	10612786
chr19	10612761	10612763	0.889	0.288	0.949	0.97	0.95	1	0.154	0.139	0.818	1	1	1	1	0.889	1	0.93	0.665	0.603	0.583	0.457	0.957	0.889	0.876	0.97	0.909	0.971	0.939	0.952	0.949	0.96	0.861	0.167	0.828	0.902	chr19	10612729	10612786
chr19	14127289	14127291	0.97	0.986	1	0.951	0.102	0.909	1	0.947	0.124	0.141	0	1	1	1	1	0.94	1	0.929	0.875	0.925	0.859	1	1	0.975	0.971	0.9	NA	1	1	0.017	0.02	0.968	1	0	chr19	14127289	14127432
chr19	14127324	14127326	1	0.939	0.976	0.93	0.026	0.909	0.925	0.933	0.223	0.077	0	1	1	0.923	0.857	1	1	0.942	0.778	1	1	1	0.753	0.973	1	0.976	1	0.962	0.981	0	0.02	0.967	0.966	0	chr19	14127289	14127432
chr19	14127335	14127337	0.968	0.919	0.974	0.977	0.014	0.952	0.961	0.884	0	0.09	0.165	1	1	0.8	1	1	1	0.929	0.778	1	1	1	1	0.955	1	0.895	1	1	0.978	0	0.02	1	1	0	chr19	14127289	14127432
chr19	14127351	14127353	0.981	1	0.974	0.953	0	0.947	0.955	0.973	0.222	0.109	0.247	1	0.911	1	0.854	0.941	0.8	0.859	0.698	1	1	0.938	0.833	0.938	0.939	1	0.973	1	0.95	0	0.02	0.964	1	0	chr19	14127289	14127432
chr19	18301246	18301248	0.985	0.95	0.922	0.968	0.98	1	0.89	0.925	0.283	0.375	0.124	1	1	0.898	1	1	1	0.835	NA	1	0.882	0.875	1	1	0.971	0.972	0.956	0.972	0.919	0.015	0	1	0.952	0.079	chr19	18301246	18301291
chr19	18301273	18301275	0.97	0.985	0.948	0.979	0.957	1	0.947	0.978	0.182	0.375	0.201	1	0.802	0.875	1	1	1	0.935	0.667	1	0.957	0.893	0.753	1	0.985	0.95	0.929	0.931	0.934	0.059	0.047	0.969	0.917	0.059	chr19	18301246	18301291
chr19	18301278	18301280	0.957	0.886	0.901	0.981	0.958	0.968	0.927	0.891	0.182	0.375	0.299	0.954	1	0.875	0.833	1	1	0.871	0.598	1	0.853	0.889	1	0.941	1	0.94	0.919	0.914	0.875	0.034	0.073	0.967	1	0.051	chr19	18301246	18301291
chr19	38675601	38675603	0.774	0.113	1	0.889	0.921	0.939	0	0	0.917	1	0.749	1	1	0.877	1	1	0.797	0.691	0.2	0	0.666	0.27	0.626	0.984	0.783	0.938	1	1	0.925	0.981	0.976	0.029	1	1	chr19	38675601	38675799
chr19	38675603	38675605	0.792	0.096	1	0.857	0.859	0.909	0	0	1	1	0.833	1	1	0.936	1	1	0.927	0.459	0.143	0	0.583	0.36	0.501	0.984	0.739	0.933	0.958	0.917	0.977	0.925	0.951	0	1	0.946	chr19	38675601	38675799
chr19	38675613	38675615	0.764	0.077	1	0.864	0.828	0.929	0	0	0.9	1	1	1	1	1	0.833	1	1	0.385	0.111	0	0.538	0.247	0.501	0.95	0.762	1	0.952	1	1	1	0.927	0	0.973	0.923	chr19	38675601	38675799
chr19	40364011	40364013	0.957	0.978	0.917	0.947	NA	1	1	0.88	0.182	0	0.232	1	0.889	0.948	0.875	1	1	1	0.75	1	0.875	1	1	0.953	0.579	1	1	NA	0.964	0.025	0	0.943	0.968	0	chr19	40364011	40364150
chr19	40364129	40364131	0.938	0.897	0.981	0.971	0.904	0.95	0.949	0.95	0	0.17	0.271	0.904	0.7	1	1	0.8	0.8	0.934	1	1	1	0.887	0.931	1	0.729	0.955	0.935	0.976	0.93	0.062	0.032	0.967	0.958	0.028	chr19	40364011	40364150
chr19	40364136	40364138	0.933	0.924	0.98	0.971	0.913	0.93	0.823	0.974	0.125	0.33	0.333	1	0.815	1	1	1	0.833	1	0.69	1	1	1	1	0.982	0.781	0.957	0.978	0.957	0.949	0.082	0.062	1	1	0.026	chr19	40364011	40364150
chr19	47664253	47664255	1	0.951	0.953	0.978	0.053	0.971	0.988	0.98	0	0.253	0	0.889	0.667	1	0.91	1	1	0.832	1	1	1	1	0.876	0.971	1	0.967	1	1	0.958	0	0.047	0.976	1	0	chr19	47664253	47664413
chr19	47664298	47664300	0.967	0.982	0.983	1	0.037	0.973	0.943	0.94	0.444	0.464	0	1	0.693	1	1	1	1	0.926	1	1	0.892	1	1	0.985	0.972	0.986	0.957	0.948	0.976	0.012	0.024	1	0.966	0	chr19	47664253	47664413
chr19	47664308	47664310	0.911	0.933	0.966	1	0.027	0.946	0.91	0.958	0.3	0.33	0.085	0.948	0.5	1	1	1	1	0.931	0.8	0.923	1	0.857	1	0.94	0.978	0.957	0.987	0.94	1	0	0	0.97	1	0	chr19	47664253	47664413
chr19	47664372	47664374	0.961	0.812	0.983	1	0.009	0.929	0.853	0.833	0.398	0.19	0.076	1	0.798	0.924	1	1	1	0.91	0.5	0.702	1	0.909	0.917	0.969	0.964	0.958	1	0.952	0.923	0	0	0.818	0.944	0	chr19	47664253	47664413
chr2	11374416	11374418	0.909	0.953	0	1	0.978	0.941	0.969	1	0.844	1	0.857	0.6	0.333	0.778	1	1	1	1	1	1	1	1	1	0.359	0.636	1	1	0.909	0.094	0.979	1	1	0.459	1	chr2	11374416	11374435
chr2	11374425	11374427	0.912	0.837	0	0.9	0.887	0.864	0.897	0.933	1	0.698	1	0.767	0.167	0.635	0.934	1	1	0.941	1	1	1	0.922	1	0.333	0.636	0.923	0.941	0.737	0.132	0.941	0.886	0.933	0.371	0.957	chr2	11374416	11374435
chr2	11374427	11374429	0.969	0.9	0	0.97	0.918	0.87	0.897	1	1	0.89	1	0.736	0.333	0.635	1	1	0.917	1	1	1	1	1	0.816	0.364	0.7	1	0.947	0.947	0.132	0.962	0.97	0.966	0.361	1	chr2	11374416	11374435
chr2	28717412	28717414	0.957	0.962	0.882	1	0.37	0.979	0.97	0.98	0.249	0	0.102	1	0.917	1	1	0.922	1	0.716	0.854	0.8	1	0.8	1	0.932	0.923	0.969	0.99	0.942	0.958	0.034	0.027	0.944	0.971	0.029	chr2	28717412	28717533
chr2	28717479	28717481	1	0.965	0.961	0.967	0.034	0.959	0.96	1	0.333	0.099	0	1	0.802	0.8	1	1	1	0.815	0.71	1	1	1	1	0.986	0.96	0.974	0.989	0.949	0.965	0.011	0	0.968	0.973	0	chr2	28717412	28717533
chr2	28717497	28717499	0.983	0.954	0.941	1	0.015	0.957	0.969	0.962	0.333	0.077	0.125	1	0.602	1	0.625	0.714	1	0.778	0.734	0.67	0.947	1	1	0.957	0.964	0.986	0.976	0.94	0.975	0	0	0.941	0.972	0	chr2	28717412	28717533
chr2	43140531	43140533	0.955	0.667	1	1	0.945	0.75	0.412	0.192	1	0.875	1	1	0.875	1	1	1	0.854	0.7	1	0.8	0.938	1	0.875	1	1	1	0.9	1	1	0.978	1	0.571	0.966	0.963	chr2	43140531	43140594
chr2	43140534	43140536	0.957	0.818	0.963	0.923	0.942	0.846	0.657	0.5	0.913	1	1	1	1	1	1	1	0.854	0.816	1	1	0.874	1	0.876	0.978	1	1	0.909	1	0.977	1	1	0.704	0.933	1	chr2	43140531	43140594
chr2	43140543	43140545	1	0.68	1	1	0.964	0.812	0.471	0.2	1	0.875	1	1	1	1	1	1	1	0.772	0.753	0.6	1	1	1	0.979	0.958	0.947	0.9	1	0.936	1	1	0.577	0.962	1	chr2	43140531	43140594
chr2	43140589	43140591	0.733	0.576	0.969	1	0.927	0.522	NA	0.28	1	1	0.859	1	0.917	1	1	0.835	1	0.667	1	0.8	0.9	1	1	1	0.895	0.962	0.955	0.882	0.955	0.98	0.97	0.481	1	0.9	chr2	43140531	43140594
chr2	47058741	47058743	0.975	0.955	0.969	1	0.954	0.913	0.979	1	0.843	0.667	0.75	1	1	1	1	0.876	1	0.872	1	1	1	1	1	0.976	0.963	0.951	0.947	1	0.964	0.045	0.214	0.958	1	0.105	chr2	47058741	47058770
chr2	47058749	47058751	1	0.95	0.983	1	0.947	0.905	0.975	0.974	0.685	0.556	0.667	1	1	1	1	1	1	1	1	1	1	0.932	1	1	1	0.98	0.971	0.974	0.979	0.037	0.111	1	0.966	0.1	chr2	47058741	47058770
chr2	47058751	47058753	1	0.974	0.964	1	0.982	0.895	0.923	0.923	0.33	0.624	0.667	1	1	1	1	1	1	0.872	1	0.8	1	1	1	0.949	0.963	0.917	0.943	0.975	1	0.035	0.08	1	0.931	0.1	chr2	47058741	47058770
chr2	48146672	48146674	0.929	0.275	1	1	0.149	0.967	0.378	0.231	1	0.833	0.667	0.833	0.857	0.911	1	1	0.889	0.427	0.251	0.502	0.915	1	1	0.981	0.929	0.957	0.955	0.769	0.979	0.794	1	0.125	1	0.864	chr2	48146672	48146808
chr2	48146723	48146725	0.815	0.186	0.971	0.878	0.051	0.833	0.294	0.2	0.75	0.784	0.891	1	1	1	0.833	0.859	1	0.415	0.364	0.465	0.82	0.875	0.889	0.979	0.971	0.958	0.92	0.867	0.891	0.667	0.818	0	0.929	0.679	chr2	48146672	48146808
chr2	48146726	48146728	0.857	0.186	0.875	0.9	0.054	0.903	0.273	0.3	0.875	0.784	0.774	1	0.833	1	1	1	1	0.33	0.273	0.692	0.917	1	0.778	0.978	0.947	1	0.962	0.867	0.956	0.81	0.905	0.05	0.9	0.793	chr2	48146672	48146808
chr2	64089524	64089526	0.981	0.907	0.778	1	0.987	1	0.918	0.972	0.902	1	0.751	0.571	1	0.67	1	1	1	1	1	0.8	0.91	0.824	1	0.607	NA	1	1	0.974	0.679	1	0.882	0.967	0.667	0.944	chr2	64089524	64089636
chr2	64089557	64089559	0.962	0.938	0.786	0.976	0.934	1	0.951	0.912	0.875	0.778	1	0.9	0.917	0.797	1	1	1	1	1	1	1	1	1	0.759	0.429	0.933	1	1	0.702	0.974	1	0.972	0.769	1	chr2	64089524	64089636
chr2	64089569	64089571	0.933	0.857	0.593	0.974	0.976	0.963	0.967	0.903	0.846	1	1	0.8	1	0.837	1	1	1	1	1	1	1	1	1	0.811	0.286	1	0.944	0.955	0.5	0.985	0.957	0.974	0.63	0.957	chr2	64089524	64089636
chr2	69731428	69731430	0.979	0.875	0.273	1	0.97	1	0.956	0.885	1	1	1	0.752	0.376	0.7	0.915	0.895	0.938	1	1	0.939	0.901	0.931	0.924	0.597	0.778	1	1	1	0.28	1	1	0.957	0.441	0.96	chr2	69731428	69731608
chr2	69731492	69731494	0.975	0.978	0.6	0.95	1	1	0.969	0.818	1	1	1	0.833	0.571	0.615	0.816	1	1	1	1	1	1	0.9	1	0.792	0.571	1	1	1	0.259	0.947	0.946	1	0.529	1	chr2	69731428	69731608
chr2	69731591	69731593	0.981	0.985	0.071	0.981	0.98	1	0.962	1	1	0.887	1	0.426	0.667	0.4	1	1	1	0.889	1	0.907	0.812	1	1	0.188	0	0.923	1	0.905	0.021	0.917	0.707	1	0.051	0.839	chr2	69731428	69731608
chr2	206098947	206098949	1	0.972	0.978	0.947	0.022	0.944	0.977	0.889	0.337	0.382	0.455	1	0.8	1	1	1	1	1	1	1	0.878	1	1	0.923	NA	1	0.963	0.967	0.962	0.267	0.385	0.96	1	0.286	chr2	206098947	206098980
chr2	206098955	206098957	1	0.955	0.96	0.895	0.019	0.955	0.979	1	0.089	0.382	0.5	0.833	0.857	1	1	1	1	1	1	1	0.878	1	1	0.95	0.8	1	1	1	1	0.271	0.44	1	0.957	0.227	chr2	206098947	206098980
chr2	206098971	206098973	1	0.976	0.983	1	0.016	0.958	0.961	1	0.18	0.336	0.456	1	0.833	1	1	1	1	0.944	1	1	0.859	1	1	0.977	0.828	1	0.944	1	0.985	0.273	0.286	0.966	1	0.207	chr2	206098947	206098980
chr2	231400455	231400457	0.918	0.536	0.93	0.953	0.808	0.8	0.397	0.484	1	0.778	1	1	0.778	1	0.753	1	0.786	0.835	0.57	0.5	0.862	0.749	0.768	0.89	0.9	1	1	0.929	0.9	0.857	0.867	0.379	0.917	0.875	chr2	231400455	231400637
chr2	231400459	231400461	0.979	0.684	0.95	0.976	0.91	0.933	0.719	0.6	1	1	1	1	0.875	0.75	1	1	1	0.873	0.43	0.833	0.957	0.815	1	0.958	0.966	1	0.97	0.975	0.967	0.915	0.933	0.548	1	0.879	chr2	231400455	231400637
chr2	231400470	231400472	0.938	0.768	0.969	1	0.938	0.929	0.582	0.793	1	0.875	1	1	1	1	1	1	0.924	1	0.716	0.833	0.903	0.918	1	0.921	0.935	0.935	0.938	1	0.982	0.911	1	0.741	1	0.935	chr2	231400455	231400637
chr2	233387995	233387997	0.853	0.619	0.919	0.958	0.938	0.913	0.536	0.316	0.918	0.875	0.91	1	0.749	1	1	1	0.75	0.714	0.698	0.73	1	0.917	0.717	0.957	0.933	0.98	0.962	0.918	0.901	0.95	0.935	0.517	0.882	0.889	chr2	233387995	233388196
chr2	233388089	233388091	0.933	0.647	0.969	0.938	0.939	0.909	0.64	0.7	1	1	1	1	0.835	0.889	1	1	1	1	1	0.667	1	0.73	1	0.864	0.9	0.962	0.963	0.917	0.946	1	0.903	0.536	0.875	1	chr2	233387995	233388196
chr2	233388095	233388097	0.941	0.65	1	0.944	0.98	0.917	0.63	0.632	0.8	0.875	0.935	0.816	0.835	1	0.887	1	1	1	1	0.859	1	0.73	1	1	1	1	1	0.957	0.902	0.968	0.909	0.571	0.913	0.864	chr2	233387995	233388196
chr2	233388160	233388162	0.75	0.585	0.857	0.875	0.882	0.842	0.641	0.618	0.729	0.833	0.5	0.837	0.714	0.701	1	1	1	0.825	0.82	0.835	0.889	0.777	1	0.857	1	0.947	0.955	0.882	0.848	0.833	0.812	0.6	0.852	0.88	chr2	233387995	233388196
chr2	233388175	233388177	0.846	0.804	0.917	0.88	0.94	0.875	0.775	0.8	1	1	1	1	1	1	1	1	1	0.936	1	0.917	0.887	0.929	1	0.938	1	1	1	0.944	0.98	0.98	0.935	0.792	0.963	0.966	chr2	233387995	233388196
chr2	233388187	233388189	0.881	0.785	0.949	0.875	0.946	0.96	0.644	0.698	0.936	1	1	0.898	0.857	0.907	1	0.915	1	0.843	0.915	0.75	1	0.871	1	0.914	1	1	1	0.955	0.854	0.964	0.967	0.821	0.971	1	chr2	233387995	233388196
chr20	19315071	19315073	0.882	0.228	0.976	1	0.933	0.826	0	0.029	1	1	0.725	1	0.876	1	0.833	1	1	0.412	0.17	0.574	1	1	1	1	0.933	0.935	0.955	1	0.949	0.982	0.892	0.043	0.952	0.941	chr20	19315071	19315337
chr20	19315073	19315075	0.853	0.145	0.949	1	0.949	0.952	0.022	0	0.917	1	1	1	0.667	1	0.802	1	1	0.354	0.17	0.333	0.91	0.932	0.868	0.952	0.933	0.967	0.9	0.926	0.983	1	0.944	0.042	1	0.973	chr20	19315071	19315337
chr20	19315145	19315147	0.9	0.429	0.467	0.944	0.932	0.929	0.208	0.286	1	1	0.872	1	0.667	0.778	0.625	0.736	0.887	0.682	0.355	0.333	0.833	0.632	0.283	0.825	1	1	0.778	1	0.706	0.931	1	0.226	0.913	0.971	chr20	19315071	19315337
chr20	19315279	19315281	0.864	0.893	0.962	1	0.971	1	0.969	0.933	0.751	1	1	1	1	1	0.835	1	0.857	1	0.917	0.802	1	0.924	0.94	0.846	1	1	1	1	0.894	0.973	1	0.939	1	1	chr20	19315071	19315337
chr20	19974917	19974919	0.938	0.933	0.976	0.881	0.88	1	1	1	0.333	0.667	0.8	1	1	1	0.753	1	1	1	1	1	1	1	0.667	0.967	0.939	0.961	1	0.939	0.983	0.265	0.208	1	0.882	0.35	chr20	19974917	19974937
chr20	19974926	19974928	0.962	1	0.912	0.902	0.893	1	0.966	0.967	0.333	0.6	0.2	1	0.667	1	1	1	1	0.877	1	1	0.887	1	0.333	1	0.969	0.97	0.969	0.893	1	0.058	0.08	0.842	1	0.167	chr20	19974917	19974937
chr20	19974931	19974933	0.96	0.971	0.944	0.974	0.863	0.913	0.981	0.966	0.167	0.6	0.4	1	1	0.8	1	1	1	1	1	0.75	1	0.861	0.833	0.982	0.912	0.971	0.984	0.943	0.964	0.121	0.167	0.947	0.941	0.389	chr20	19974917	19974937
chr21	44849755	44849757	0.967	0.939	0.969	0.977	0.046	0.895	0.911	0.98	0.354	0.182	0.337	1	0.751	1	1	0.9	0.857	0.909	0.797	1	0.961	1	0.917	0.987	0.978	0.963	0.944	0.959	0.972	0.059	0.105	0.968	0.97	0.05	chr21	44849755	44849825
chr21	44849770	44849772	0.952	0.934	0.989	1	0.022	0.889	0.946	0.911	0.251	0.443	0.3	1	0.736	1	0.898	0.857	0.857	0.891	0.747	1	0.961	0.917	1	0.962	0.979	0.987	0.955	0.944	0.981	0.051	0.114	1	1	0	chr21	44849755	44849825
chr21	44849786	44849788	0.933	0.9	0.907	0.979	0.027	0.884	0.953	0.94	0.352	0.203	0.272	1	0.777	1	1	0.876	0.875	0.956	0.924	0.857	0.965	1	1	0.976	0.956	0.96	0.922	0.938	0.978	0.087	0.057	0.971	0.926	0.047	chr21	44849755	44849825
chr21	44849796	44849798	0.947	0.941	0.949	0.978	0.014	0.902	0.962	0.938	0.173	0.251	0.229	1	0.798	1	0.911	1	0.75	0.957	0.849	1	1	1	1	0.938	0.977	0.974	0.955	0.914	0.989	0.065	0.265	0.966	0.931	0	chr21	44849755	44849825
chr21	44849814	44849816	0.944	0.911	0.972	0.936	0.048	0.861	0.987	0.941	0.401	0.336	0.231	1	0.923	1	1	1	0.6	0.957	0.82	1	0.966	0.909	1	0.987	1	0.969	0.949	0.882	1	0.065	0.135	1	1	0	chr21	44849755	44849825
chr22	23521223	23521225	0.964	0.943	0.946	0.962	0.962	1	0.959	0.955	0.93	1	1	1	1	1	0.667	1	1	0.932	1	1	1	1	1	1	0.972	0.707	0.735	0.882	0.921	0.982	0.947	1	0.955	1	chr22	23521223	23521233
chr22	23521225	23521227	0.893	0.972	1	0.962	0.982	0.923	0.961	0.958	0.93	1	0.898	1	1	0.876	0.75	1	1	0.932	1	1	1	1	1	0.977	0.971	0.7	0.758	0.971	0.95	0.982	1	1	1	1	chr22	23521223	23521233
chr22	23521227	23521229	1	0.914	0.974	0.917	0.927	0.963	0.942	1	1	1	0.802	0.935	0.91	1	0.75	1	1	1	1	0.75	1	1	1	1	0.943	0.683	0.636	0.909	0.821	0.966	0.957	0.875	1	0.857	chr22	23521223	23521233
chr22	37682593	37682595	0.941	0.915	1	0.967	0.06	0.923	0.931	0.875	0.33	0.21	0.302	1	0.778	0.909	0.833	1	1	0.8	1	1	0.914	0.849	1	0.959	0.8	1	0.921	0.976	0.977	0.297	0.158	1	0.875	0.174	chr22	37682593	37682696
chr22	37682601	37682603	0.914	0.967	0.94	1	0.096	0.966	1	0.875	0.582	0.71	0.299	1	0.9	0.835	1	1	1	0.938	1	1	1	1	1	0.929	0.807	0.941	0.972	0.946	0.976	0.412	0.353	1	1	0.348	chr22	37682593	37682696
chr22	37682631	37682633	1	1	0.882	0.917	0.07	0.947	0.932	0.96	0.149	0.12	0.223	1	0.443	0.86	1	1	0.887	0.855	0.876	1	0.949	1	1	0.941	0.723	1	1	0.944	0.906	0.194	0	1	1	0.056	chr22	37682593	37682696
chr3	66428951	66428953	1	0.854	0.062	0.941	0.825	0.957	0.909	0.72	0.953	1	0.833	0.458	1	0.165	1	0.429	0.9	0.902	1	1	1	1	0.823	0.358	0.375	0.95	1	1	0.171	0.816	0.875	0.927	0.455	0.879	chr3	66428951	66429086
chr3	66429009	66429011	0.962	0.966	0.875	0.953	0.944	1	0.918	0.958	1	0.926	1	0.931	1	1	1	1	1	0.835	1	1	1	1	0.887	0.961	0.882	0.976	0.944	0.917	0.943	0.979	0.976	0.921	0.917	0.971	chr3	66428951	66429086
chr3	66429025	66429027	0.931	0.982	0.961	0.953	0.986	1	0.971	0.923	0.934	1	1	0.94	1	1	1	1	0.83	0.846	1	0.9	1	1	0.917	1	0.889	0.98	0.975	0.949	0.98	0.978	1	0.97	0.929	0.971	chr3	66428951	66429086
chr3	171825529	171825531	0.969	0.926	0.963	1	0.011	0.977	0.981	1	0.228	0.18	0.333	1	1	1	0.924	0.935	1	1	0.925	1	1	1	0.94	1	0.87	1	1	0.932	0.988	0.03	0.105	0.938	0.957	0.241	chr3	171825529	171825699
chr3	171825574	171825576	0.985	0.961	0.905	1	0.022	1	0.905	0.894	0.248	0.399	0.08	0.859	0.8	1	1	0.929	1	1	0.936	1	1	0.956	0.857	0.957	0.931	0.969	1	0.949	0.933	0.054	0.2	0.966	0.971	0.045	chr3	171825529	171825699
chr3	171825622	171825624	0.972	0.928	0.929	0.983	0.01	0.938	0.949	0.91	0.116	0.135	0.17	0.911	0.6	1	0.848	1	0.924	1	0.9	0.918	1	0.959	1	0.961	0.963	0.932	1	0.967	0.981	0.029	0.065	0.906	0.808	0.042	chr3	171825529	171825699
chr3	196625263	196625265	0.939	0.968	0.965	1	0	0.857	0.907	0.95	0.124	0.141	0.056	1	0.875	1	1	0.925	1	0.871	0.918	1	1	1	1	0.97	0.964	0.978	0.96	0.973	0.99	0	0	0.923	1	0.022	chr3	196625263	196625295
chr3	196625270	196625272	0.932	0.982	1	1	0	0.816	0.899	0.919	0.223	0.284	0.052	1	1	1	0.833	1	1	0.772	0.898	1	1	1	0.833	0.984	0.96	0.975	0.986	0.97	0.989	0	0	0.926	1	0.021	chr3	196625263	196625295
chr3	196625272	196625274	0.977	1	0.99	0.969	0	0.833	0.933	0.946	0.124	0.141	0.096	1	0.876	1	0.8	1	1	0.772	0.898	1	1	1	1	1	0.962	0.975	0.942	0.97	1	0	0	0.963	0.96	0.022	chr3	196625263	196625295
chr4	1177550	1177552	0.769	0.074	0.882	0.867	0.95	0.81	0	0	1	0.876	0.9	0.935	0.625	0.931	0.83	1	1	0.556	0	0.25	0.634	0.361	0.14	0.919	0.963	0.857	0.962	0.938	0.842	0.854	0.944	0	1	0.902	chr4	1177550	1177724
chr4	1177583	1177585	0.714	0.027	0.923	0.889	0.944	0.867	0	0	1	1	1	0.825	0.75	1	0.667	1	1	0.6	0.333	0.167	0.443	0.365	0	0.974	1	1	1	1	0.897	0.978	0.972	0	1	0.889	chr4	1177550	1177724
chr4	1177606	1177608	0.636	0.056	0.875	0.913	0.935	0.818	0	0	1	1	1	0.927	0.573	1	0.8	1	1	0.797	0.398	0.143	0.398	0.253	0	1	1	1	0.889	1	0.781	0.833	0.865	0	0.897	0.778	chr4	1177550	1177724
chr4	3085012	3085014	0.919	0.897	0.754	1	NA	0.857	0.968	0.857	0.753	0.123	0.375	1	0.504	0.636	1	0.715	0.833	0.889	0.778	1	1	0.898	0.917	0.897	0.684	0.974	0.978	0.8	0.696	0.085	0.263	0.947	1	0.222	chr4	3085012	3085128
chr4	3085078	3085080	0.949	0.953	0.973	0.972	0.049	0.963	1	0.969	0.222	0	0.113	1	0.67	1	1	0.936	1	0.9	0.583	1	0.939	1	1	0.976	0.783	1	0.949	1	0.977	0.025	0	1	1	0	chr4	3085012	3085128
chr4	3085090	3085092	1	0.933	0.838	0.947	0.017	1	0.913	0.767	0.111	0	0	0.923	0.67	0.907	1	0.846	1	0.78	0.693	0.618	0.931	1	1	1	0.864	1	1	0.917	0.848	0	0	0.955	0.87	0.048	chr4	3085012	3085128
chr4	3370520	3370522	0.739	0.946	0.877	0.643	0.947	0.861	0.839	0.957	1	0.825	0.91	1	0.702	0.881	1	0.717	0.429	0.849	0.717	1	0.715	0.909	0.778	0.862	0.981	0.262	0.37	0.688	0.961	0.915	0.939	0.875	0.885	0.938	chr4	3370520	3370547
chr4	3370525	3370527	0.705	0.855	0.874	0.538	0.905	0.861	0.854	0.9	1	0.833	0.772	1	0.6	0.881	0.777	0.571	0.2	1	1	0.875	0.785	0.915	0.667	0.867	0.96	0.358	0.327	0.761	0.912	0.971	0.933	0.852	0.926	0.967	chr4	3370520	3370547
chr4	3370531	3370533	0.723	0.887	0.92	0.5	0.912	0.861	0.885	0.939	1	0.842	0.913	1	0.875	0.884	1	0.571	0.4	0.938	1	0.75	0.82	0.907	0.778	0.909	0.938	0.385	0.314	0.767	0.915	0.931	0.885	0.923	1	0.931	chr4	3370520	3370547
chr4	3370534	3370536	NA	NA	NA	NA	NA	NA	NA	NA	NA	NA	NA	NA	NA	NA	NA	NA	NA	NA	NA	NA	NA	NA	NA	NA	NA	NA	0.362	NA	NA	NA	NA	NA	NA	NA	chr4	3370520	3370547
chr4	3370540	3370542	0.733	0.865	0.86	0.643	0.935	0.818	0.885	0.894	1	0.833	1	0.923	0.716	1	1	0.717	0.4	1	1	1	0.772	0.907	0.898	0.833	0.933	0.403	0.375	0.795	0.933	0.922	0.84	0.926	0.96	1	chr4	3370520	3370547
chr4	3370544	3370546	0.844	0.964	0.957	0.741	0.931	0.794	0.926	0.935	1	0.841	1	1	0.875	1	1	0.717	0.6	1	0.857	1	0.737	1	0.689	0.946	0.909	0.529	0.444	0.884	0.978	0.973	1	0.926	0.96	0.964	chr4	3370520	3370547
chr4	3939989	3939991	0.5	0.3	NA	1	0.885	0.667	0.286	0.111	0.875	0.499	0.714	0.789	0.664	0.917	0.415	0.667	0	0.564	0.398	0.427	0.772	0.835	0.667	0.909	1	1	0.667	0.846	0.688	0.882	0.929	0.306	0.957	0.914	chr4	3939989	3940173
chr4	3940078	3940080	0.839	0.4	1	0.933	0.833	0.9	0.167	0.182	1	1	0.866	1	0.934	1	1	0.923	0.499	0.59	0.25	0	0.872	1	0.876	0.976	1	0.909	0.818	0.938	0.885	0.985	0.969	0.12	0.947	0.897	chr4	3939989	3940173
chr4	3940108	3940110	0.767	0.24	0.917	0.727	0.72	0.6	0	0	1	0.8	0.866	0.868	0.733	0.73	0.875	0.616	0.701	0.5	0.404	0	0.786	0.833	0.499	1	0.8	0.786	1	0.667	0.841	0.883	0.75	0.045	0.913	0.881	chr4	3939989	3940173
chr4	4518796	4518798	0.885	0.538	1	0.938	0.971	0.952	0.6	0.909	0.75	0.702	1	1	1	1	0.913	0.927	1	0.553	0.626	0.685	1	0.78	1	0.968	1	1	0.875	1	0.973	0.98	1	0.525	1	0.944	chr4	4518796	4518925
chr4	4518813	4518815	0.971	0.643	1	1	0.957	1	0.824	0.75	1	1	1	1	0.816	0.816	1	1	0.917	0.727	0.833	0.502	1	0.815	0.902	0.973	1	1	1	1	0.975	0.981	1	0.606	1	0.941	chr4	4518796	4518925
chr4	4518838	4518840	0.975	0.931	1	1	1	1	1	0.96	1	1	0.889	1	1	1	1	1	0.835	1	1	1	1	1	1	0.946	1	1	1	1	1	0.964	1	0.943	1	1	chr4	4518796	4518925
chr4	110046832	110046834	0.929	0.95	1	0.958	0.968	1	1	0.967	1	1	1	1	0.918	1	1	1	0.82	1	0.942	1	1	1	1	0.957	0.9	0.929	0.909	0.909	0.981	0.94	0.943	1	1	0.974	chr4	110046832	110047075
chr4	110046986	110046988	0.9	0.911	0.932	0.846	0.99	0.907	0.947	0.952	0.953	1	0.933	0.923	1	1	0.557	0.621	0.799	0.942	1	0.8	0.714	0.9	1	0.962	0.941	0.432	0.54	0.875	0.902	0.974	0.977	0.951	1	0.946	chr4	110046832	110047075
chr4	110047040	110047042	0.961	0.942	0.944	0.88	0.976	0.962	0.977	0.982	1	1	0.926	1	1	1	1	0.612	0.749	1	0.833	1	0.938	1	1	0.975	1	0.946	0.878	1	0.938	0.978	0.941	0.971	0.935	1	chr4	110046832	110047075
chr4	152957575	152957577	0.783	0.111	0.76	0.962	0.865	1	0	0.042	0.925	0.699	0.909	0.927	0.503	0.942	1	0.938	0.875	0.228	0.366	0.075	0.867	0.835	0.556	0.889	1	1	1	1	0.696	1	1	0	0.929	0.857	chr4	152957575	152957692
chr4	152957580	152957582	0.857	0.111	0.792	1	0.875	1	0	0.037	0.835	0.833	0.909	1	0.503	0.943	1	1	0.914	0.286	0.189	0.075	0.863	1	0.556	0.895	1	1	0.917	0.8	0.95	0.871	0.966	0	0.92	0.893	chr4	152957575	152957692
chr4	152957582	152957584	0.857	0.111	0.792	0.957	0.581	0.714	0	0.04	0.846	0.5	0.833	0.932	0.333	0.949	1	1	0.96	0.333	0.149	0.307	0.866	0.833	0.667	0.789	1	0.857	0.929	0.7	0.81	0.969	0.848	0	0.962	0.786	chr4	152957575	152957692
chr5	36789039	36789041	0.951	0.947	0.786	0.971	0.984	1	1	0.947	0.925	1	1	0.784	1	0.75	1	0.915	1	1	1	0.907	1	0.932	1	0.581	NA	0.98	1	0.974	0.534	1	1	0.96	0.5	0.95	chr5	36789039	36789045
chr5	36789041	36789043	0.977	0.95	0.674	0.971	0.968	1	0.966	1	0.33	1	1	0.67	1	1	0.6	0.927	1	1	0.917	1	0.5	1	1	0.585	NA	0.917	1	0.952	0.564	1	0.95	0.926	0.333	1	chr5	36789039	36789045
chr5	36789043	36789045	0.979	0.952	0.689	1	0.984	1	0.963	0.976	1	1	0.859	0.835	1	1	0.9	0.925	1	1	0.917	0.907	0.802	1	1	0.55	0.5	0.98	1	1	0.611	1	0.905	0.852	0.28	0.952	chr5	36789039	36789045
chr5	124706808	124706810	1	0.944	0.197	0.963	0.938	1	0.923	0.979	0.945	1	1	0.702	0.751	0.667	0.925	1	1	1	1	0.927	0.909	0.889	0.948	0.418	NA	0.946	0.957	1	0.26	0.962	1	0.947	0.303	0.966	chr5	124706808	124706893
chr5	124706810	124706812	1	0.903	0.167	0.982	0.918	0.971	0.901	0.979	1	1	0.872	0.777	0.751	0.4	0.86	1	0.909	1	1	1	1	1	1	0.406	NA	0.965	1	0.964	0.192	0.949	1	0.842	0.394	0.931	chr5	124706808	124706893
chr5	124706812	124706814	0.971	0.946	0.253	0.962	0.959	0.935	0.957	0.979	0.89	1	1	0.7	0.751	0.602	0.801	1	1	1	0.958	1	1	1	1	0.333	NA	0.983	1	0.945	0.366	0.95	0.919	0.914	0.281	0.964	chr5	124706808	124706893
chr5	124706891	124706893	0.944	0.962	NA	0.949	0.945	0.818	0.755	0.857	0.92	1	1	0.8	0.25	0.426	0.909	1	0.887	0.875	0.866	1	0.79	0.75	0.615	0.407	NA	0.865	0.892	0.882	0.086	0.953	1	0.95	0.405	0.879	chr5	124706808	124706893
chr5	142803508	142803510	0.969	0.924	0.934	0.956	0	0.871	0.968	1	0	0	0.08	1	0.247	0.942	1	1	1	1	0.89	1	1	0.831	1	0.989	1	0.976	1	0.92	0.971	0.04	0.03	0.912	1	0.023	chr5	142803508	142803622
chr5	142803566	142803568	0.962	0.982	0.956	0.976	0.016	0.833	1	0.968	0	0.156	0.102	1	0.816	0.82	1	NA	1	0.936	0.8	1	0.957	0.909	1	0.975	1	1	0.964	0.909	0.964	0.048	0.029	0.909	0.946	0.023	chr5	142803508	142803622
chr5	142803570	142803572	0.96	0.947	0.935	0.977	0.016	0.829	0.982	0.871	0.1	0	0.102	1	0.816	0.917	1	1	1	1	0.909	0.9	0.857	1	0.848	0.988	1	0.967	0.963	0.905	0.962	0.051	0.03	0.9	0.974	0.022	chr5	142803508	142803622
chr5	142803605	142803607	1	0.983	1	1	0.02	0.941	0.978	1	0.093	0	0.375	1	0.816	1	1	1	1	1	0.875	1	1	1	0.872	0.974	1	0.969	1	1	0.978	0.05	0	0.917	0.978	0.021	chr5	142803508	142803622
chr5	142803614	142803616	1	0.983	0.938	0.95	0.019	0.944	0.936	0.917	0	0	0.143	1	0.816	1	0.868	1	1	1	0.835	0.667	1	1	0.812	0.987	0.857	0.871	1	0.867	1	0.05	0	0.917	0.977	0.021	chr5	142803508	142803622
chr6	13761058	13761060	1	1	0.882	1	0.679	0.846	0.952	1	0.3	0.087	0	1	1	1	1	0.9	1	0.634	0.926	0.573	0.905	0.876	1	1	1	1	0.929	1	0.833	0	0	1	1	0	chr6	13761058	13761192
chr6	13761151	13761153	1	1	0.962	0.974	0.194	0.912	0.977	0.97	0.269	0	0.234	0.947	1	1	1	1	0.666	0.909	0.907	0.716	1	1	1	0.94	0.846	1	0.966	1	0.965	0	0	0.975	1	0	chr6	13761058	13761192
chr6	13761162	13761164	0.972	0.98	0.958	0.938	0.203	0.839	0.978	1	0.151	0	0.082	1	0.67	1	1	1	0.872	0.849	0.846	0.835	1	1	1	0.915	0.933	1	1	1	0.98	0	0	0.975	1	0	chr6	13761058	13761192
chr6	16728208	16728210	0.975	0.892	1	1	0.016	0.95	0.889	0.923	0.198	0.382	0.142	1	0.885	1	1	1	0.857	0.924	0.668	0.816	1	1	0.917	0.96	0.952	0.958	1	0.952	0.949	0	0	0.929	0.963	0.057	chr6	16728208	16728328
chr6	16728265	16728267	1	1	1	1	0.019	1	0.953	0.974	0.074	0.253	0.064	0.942	0.703	1	1	1	1	0.882	0.67	0.747	1	1	0.917	1	0.923	0.983	1	0.906	0.969	0	0	0.938	0.968	0.027	chr6	16728208	16728328
chr6	16728323	16728325	0.957	0.985	0.989	0.929	NA	0.931	0.986	0.958	0.141	0.18	0.151	1	0.774	1	1	0.846	1	0.944	0.859	0.917	1	1	1	1	0.867	0.964	1	0.943	0.972	0	0	0.966	0.931	0	chr6	16728208	16728328
chr6	16767464	16767466	0.955	0.525	1	0.9	1	1	0.476	0.467	1	1	1	1	0.753	1	1	1	1	1	0.5	0.8	0.753	0.5	0.684	0.962	1	0.923	0.842	0.958	1	0.929	0.966	0.31	1	1	chr6	16767464	16767673
chr6	16767473	16767475	0.96	0.696	0.941	0.969	0.974	1	0.548	0.529	1	1	1	1	1	0.875	1	1	1	0.889	0.333	0.8	0.939	0.8	0.736	1	1	1	0.905	1	1	0.96	0.968	0.415	1	1	chr6	16767464	16767673
chr6	16767604	16767606	0.869	0.538	1	0.902	0.96	0.96	0.581	0.293	1	0.924	1	1	1	1	1	0.502	1	0.502	0.733	0.583	0.842	0.846	0.814	0.968	1	0.975	0.927	0.957	0.961	1	1	0.412	1	1	chr6	16767464	16767673
chr7	2459041	2459043	0.857	0.588	0.929	1	0.931	1	0.552	0.8	1	1	1	1	1	0.934	1	1	1	0.857	0.802	0.728	0.646	1	0.667	0.963	NA	1	0.938	0.941	0.897	0.931	0.867	0.655	1	0.944	chr7	2459041	2459140
chr7	2459049	2459051	0.92	0.667	0.938	0.923	0.857	0.941	0.484	0.857	1	1	1	0.9	1	0.932	1	0.835	1	0.777	0.802	0.73	0.898	0.875	0.857	0.933	0.737	0.966	1	1	0.921	0.929	1	0.615	1	0.944	chr7	2459041	2459140
chr7	2459079	2459081	0.931	0.625	0.897	1	0.921	0.875	0.735	0.722	1	0.8	1	1	0.911	0.9	1	1	0.857	0.887	0.602	0.818	0.9	0.44	0.854	0.867	0.781	0.919	1	0.96	0.784	0.893	0.909	0.6	0.909	1	chr7	2459041	2459140
chr7	4739710	4739712	0.891	0.892	0.984	0.854	0.942	0.688	0.893	0.952	1	0.931	1	1	1	1	0.598	0.42	0.427	1	0.9	1	1	0.935	1	0.968	0.949	0.227	0.245	0.791	0.992	1	1	0.882	1	0.972	chr7	4739710	4739733
chr7	4739719	4739721	0.857	0.955	0.984	0.541	0.958	0.697	0.962	0.968	1	0.918	1	0.911	1	0.844	0.598	0.333	0.165	1	1	0.857	0.959	0.865	1	0.932	0.925	0.219	0.182	0.846	0.992	0.952	0.972	0.944	1	0.97	chr7	4739710	4739733
chr7	4739726	4739728	0.756	0.984	0.917	0.718	0.924	0.621	0.882	0.887	0.948	0.925	1	0.815	1	0.925	0.598	0.25	0.165	1	1	1	0.928	0.923	1	0.931	0.842	0.19	0.222	0.786	0.966	0.953	0.943	0.892	0.973	1	chr7	4739710	4739733
chr7	6434226	6434228	0.958	1	1	0.971	0.061	0.829	1	1	0.402	0.33	0.362	1	0.778	1	1	1	1	1	0.917	1	1	1	0.835	1	1	0.929	1	0.938	0.975	0.065	0.161	1	1	0.161	chr7	6434226	6434289
chr7	6434266	6434268	0.934	0.978	0.97	0.933	0.067	0.86	0.984	0.951	0.29	0.573	0.215	1	0.876	1	1	1	1	1	1	1	0.929	1	1	0.952	1	0.962	0.957	0.87	1	0.111	0.171	1	0.968	0.125	chr7	6434226	6434289
chr7	6434276	6434278	0.966	1	0.946	0.96	0.015	0.867	0.983	0.949	0.198	0.625	0.135	0.941	0.889	1	1	0.94	1	1	0.917	1	1	1	1	0.955	1	0.963	0.964	0.88	1	0.048	0.057	0.962	1	0.075	chr7	6434226	6434289
chr7	130994862	130994864	0.862	0.905	0.845	0.786	0.89	0.975	0.918	0.947	1	1	0.934	1	0.75	1	0.427	0.177	0.598	1	0.891	0.91	0.75	0.918	0.645	0.971	0.95	0.395	0.452	0.956	0.789	1	0.963	1	0.941	0.963	chr7	130994862	130994946
chr7	130994898	130994900	0.915	0.918	0.935	0.771	0.956	0.861	0.938	1	1	0.936	1	1	1	1	0.376	0.201	0.848	1	1	0.909	0.925	0.898	0.821	0.968	0.895	0.471	0.511	0.855	0.892	0.877	1	1	1	0.931	chr7	130994862	130994946
chr7	130994913	130994915	0.867	0.887	0.934	0.788	0.988	0.971	0.928	0.952	1	0.947	1	1	0.847	1	0.454	0.337	0.688	0.936	1	1	0.802	1	0.802	0.984	0.944	0.537	0.632	0.966	0.89	0.912	1	0.862	1	0.933	chr7	130994862	130994946
chr7	130994926	130994928	0.837	0.906	0.639	0.679	0.933	0.75	0.857	0.795	0.952	0.95	1	0.857	0.729	0.931	0.453	0.222	0.649	1	1	1	1	1	0.931	0.921	1	0.484	0.5	0.958	0.787	0.879	1	0.926	0.971	0.929	chr7	130994862	130994946
chr7	139873806	139873808	0.847	0.171	0.919	0.978	0.957	0.978	0.014	0	1	0.936	1	0.889	1	1	0.833	0.667	1	0.381	0.333	0	1	0.601	0.882	0.944	0.909	0.962	0.983	1	0.959	0.975	0.955	0	0.967	0.971	chr7	139873806	139873955
chr7	139873830	139873832	0.75	0.154	0.908	0.949	0.979	0.953	0.014	0	1	1	0.909	1	1	1	1	1	0.9	0.331	0.287	0.123	1	0.584	0.866	0.963	0.81	0.918	0.98	0.977	0.929	1	0.96	0	0.933	1	chr7	139873806	139873955
chr7	139873840	139873842	0.818	0.156	0.984	0.971	0.969	0.951	0.014	0.02	1	0.936	1	1	0.889	1	1	0.893	0.91	0.409	0.57	0.111	1	0.547	0.922	0.963	0.857	0.979	0.964	1	0.955	0.975	1	0	0.935	0.9	chr7	139873806	139873955
chr8	673546	673548	1	0.965	0.937	0.969	0.907	0.944	1	0.897	0.167	0	0.275	1	0.889	0.833	1	1	1	1	0.802	1	0.857	0.876	1	0.965	0.925	0.908	0.945	0.967	0.96	0.034	0	0.941	1	0	chr8	673546	673598
chr8	673555	673557	0.959	0.935	0.987	1	0.907	1	0.942	0.86	0.177	1	0.249	1	0.875	0.857	1	1	1	1	0.752	1	1	1	1	0.982	0.962	0.946	0.972	0.968	0.97	0.023	0	1	1	0	chr8	673546	673598
chr8	673567	673569	0.961	0.914	0.987	0.974	0.938	0.947	0.977	0.93	0.089	0.333	0.556	1	1	1	1	1	0.875	0.9	0.877	1	1	0.857	1	0.966	0.962	0.931	0.961	0.948	0.968	0.021	0	0.933	1	0	chr8	673546	673598
chr8	673571	673573	0.93	0.951	0.974	1	0.897	0.95	0.909	0.923	0	0.503	0.333	1	1	1	1	1	1	1	0.854	0.667	1	0.876	1	0.965	0.962	0.973	0.981	0.956	0.935	0.021	0	1	1	0	chr8	673546	673598
chr8	673577	673579	0.982	0.968	0.982	0.972	0.82	0.905	0.969	0.953	0.169	0.247	0.33	1	0.67	1	1	1	0.911	1	0.893	1	1	0.857	1	0.966	0.964	0.967	0.965	0.93	0.976	0.031	0	1	1	0	chr8	673546	673598
chr8	673594	673596	0.964	0.967	0.97	0.947	0.846	1	0.944	0.941	0	0.4	0.33	1	0.835	1	0.8	1	0.901	0.9	0.774	1	0.917	1	1	0.984	0.948	0.961	0.964	0.922	0.951	0	0	0.938	1	0	chr8	673546	673598
chr8	9720357	9720359	1	0.98	0	1	0.988	1	0.942	1	1	1	1	0.167	0.333	0.062	1	1	1	1	0.91	0.924	0.948	1	1	0	0	1	0.976	0.971	0	0.966	1	1	0.053	0.923	chr8	9720357	9720462
chr8	9720417	9720419	1	0.93	0	0.943	0.963	0.933	0.957	1	0.929	0.923	1	0.333	0.222	0.285	1	0.929	0.933	0.866	1	1	1	1	0.936	0	0	0.92	0.942	1	0	0.967	1	0.963	0.028	0.833	chr8	9720357	9720462
chr8	9720445	9720447	1	1	0	0.966	0.905	0.962	0.953	1	1	0.91	1	0.374	0.365	0.22	1	1	1	1	0.75	1	1	1	0.915	0	0	0.977	1	0.975	0	0.964	0.972	1	0.027	0.905	chr8	9720357	9720462
chr8	22530122	22530124	0.968	0.912	0.077	0.972	0.982	0.963	0.9	0.929	0.909	1	1	0.6	0.25	0.058	1	1	1	1	0.875	1	1	1	1	0	0	0.952	1	0.895	0.07	0.976	1	1	0.029	0.96	chr8	22530122	22530322
chr8	22530158	22530160	1	0.962	NA	0.958	1	1	0.9	1	0.915	1	1	0.456	0.308	0.056	1	1	0.907	1	0.875	1	1	1	1	0	0	1	1	0.95	0	0.923	0.955	1	0	1	chr8	22530122	22530322
chr8	22530250	22530252	1	0.875	0	1	0.935	1	1	1	1	1	0.909	0.2	0.399	0	1	1	0.9	1	0.877	0.904	1	1	1	0	0	1	1	1	0	0.962	0.87	1	0.032	0.966	chr8	22530122	22530322
chr8	26611622	26611624	0.959	0.932	0.974	1	0.021	0.963	1	0.902	0.107	0.128	0.165	1	0.801	1	0.9	0.955	1	0.801	0.936	0.918	1	0.802	0.877	0.919	1	0.974	0.982	0.826	0.899	0	0	0.939	0.941	0	chr8	26611622	26611853
chr8	26611736	26611738	0.96	0.898	0.9	1	0.053	0.889	0.918	0.981	0.165	0.146	0.071	1	0.706	0.935	1	0.927	1	0.938	0.902	0.887	0.778	0.938	1	0.889	0.882	0.885	1	0.884	0.963	0.014	0	0.852	0.971	0	chr8	26611622	26611853
chr8	26611742	26611744	0.973	0.966	0.927	0.976	0.134	0.964	0.958	0.944	0.142	0.146	0	0.934	0.933	1	1	0.927	1	0.936	1	0.887	0.941	0.947	1	0.961	0.938	0.962	0.95	0.907	0.951	0.026	0	0.963	1	0.023	chr8	26611622	26611853
chr8	26611757	26611759	0.973	0.952	0.978	0.958	0.025	0.97	0.986	1	0.1	0	0	1	0.733	1	1	1	1	0.825	1	0.907	0.945	0.941	1	0.949	0.958	0.926	1	0.936	0.978	0	0	0.931	0.963	0.025	chr8	26611622	26611853
chr8	26611835	26611837	1	0.971	0.948	1	0.306	0.895	0.989	0.941	0.42	0.503	0	1	0.724	1	0.9	0.82	1	1	0.854	1	1	0.876	1	0.961	1	0.964	1	0.982	1	0.084	0.152	0.9	0.947	0.088	chr8	26611622	26611853
chr8	27391153	27391155	1	0.962	1	1	0.116	0.944	0.939	1	0	0	0	1	0.75	1	1	1	1	0.932	0.898	1	1	0.802	1	0.944	0.72	0.944	1	0.944	0.902	0	0	1	1	0.043	chr8	27391153	27391188
chr8	27391164	27391166	0.966	1	0.944	0.95	0.227	0.941	1	1	0.09	0	0	1	0.833	1	1	1	1	0.929	0.911	NA	1	0.833	1	0.972	0.75	1	1	0.95	0.929	0.02	0	1	0.944	0.037	chr8	27391153	27391188
chr8	27391181	27391183	0.97	0.906	1	1	0.146	0.938	0.975	0.895	0	0.167	0	1	0.876	0.877	1	0.915	1	1	0.787	0.75	1	0.772	1	0.973	0.72	1	1	0.95	0.955	0	0.033	0.9	1	0	chr8	27391153	27391188
chr8	28773573	28773575	0.918	0.694	0.974	0.889	0	0.95	0.935	0.812	0.115	0.198	0.185	1	0.75	1	1	0.911	1	0.856	1	0.625	0.942	0.876	0.713	1	0.618	1	0.963	0.939	0.933	0	0	1	1	0	chr8	28773573	28773613
chr8	28773581	28773583	0.981	0.843	1	1	0.013	0.895	0.923	0.667	0.058	0.33	0.199	1	0.75	0.925	1	0.857	0.835	0.75	1	0.571	0.942	1	0.75	0.98	0.727	0.927	1	0.971	0.974	0	0	0.867	1	0	chr8	28773573	28773613
chr8	28773611	28773613	0.983	0.828	0.985	0.972	0	0.815	0.902	0.818	0.248	0.43	0.182	1	0.626	1	1	1	1	0.848	1	0.667	1	1	0.889	0.938	0.698	0.963	1	0.976	1	0	0	0.909	0.95	0	chr8	28773573	28773613
chr8	30113131	30113133	0.938	0.957	0.95	0.941	0.92	0.92	0.981	0.885	0.2	0.574	0.778	0.871	0.8	1	1	1	1	0.91	1	1	1	1	1	0.909	0.596	1	1	1	0.976	0.333	0	0.833	1	0.25	chr8	30113131	30113223
chr8	30113168	30113170	0.97	0.982	0.957	1	0.966	0.885	1	1	0.583	0.302	0.777	1	0.859	1	1	1	1	1	0.909	1	0.933	1	1	0.937	NA	1	1	0.964	1	0.353	0.103	1	1	0.45	chr8	30113131	30113223
chr8	30113177	30113179	0.968	1	0.977	1	0.965	0.955	0.986	0.929	0.583	0.889	0.797	1	1	1	1	1	1	0.911	0.854	1	1	1	1	0.967	NA	0.941	0.973	0.962	0.964	0.306	0.074	0.947	1	0.391	chr8	30113131	30113223
chr8	30113189	30113191	1	0.959	0.975	1	0.91	0.957	0.986	0.97	0.333	0.729	0.798	1	0.857	0.923	0.833	1	1	0.898	1	1	1	1	0.75	0.985	0.797	1	1	0.955	0.983	0.364	0.067	1	1	0.318	chr8	30113131	30113223
chr8	141137863	141137865	0.979	1	0.967	0.976	0	0.914	0.955	0.912	0.075	0.333	0.213	0.923	1	0.907	1	0.854	1	0.867	0.898	1	1	1	0.855	0.962	0.867	0.971	0.977	0.958	0.987	0.135	0.045	1	0.938	0.079	chr8	141137863	141137889
chr8	141137869	141137871	1	1	1	0.93	0	0.972	0.901	0.971	0.284	0.25	0.231	0.927	1	0.915	1	1	1	0.867	1	1	1	0.833	0.925	0.964	0.875	0.984	1	0.971	0.987	0.158	0.091	0.92	1	0.075	chr8	141137863	141137889
chr8	141137875	141137877	1	0.982	1	0.953	0	0.917	0.944	0.971	0.071	0.25	0.197	1	1	0.915	1	1	1	0.882	0.9	1	0.942	1	0.725	0.964	0.879	0.985	0.963	0.959	0.987	0.082	0.07	1	0.95	0.122	chr8	141137863	141137889
chr9	77849157	77849159	1	0.914	0.925	1	0.015	0.962	1	0.884	0.155	0	0.2	0.931	0.904	0.938	1	1	1	1	1	1	1	1	0.935	0.949	0.941	0.974	0.963	0.939	1	0	0	0.969	0.966	0.024	chr9	77849157	77849185
chr9	77849170	77849172	0.891	0.885	0.919	1	0.036	0.913	0.875	0.9	0.109	0.167	0.2	1	0.872	0.944	1	0.889	1	0.859	0.859	1	0.82	1	0.911	0.94	1	0.943	1	0.931	0.951	0	0	0.966	0.931	0	chr9	77849157	77849185
chr9	77849173	77849175	0.978	0.922	0.971	1	0.056	0.952	0.833	0.947	0.157	0	0.267	1	0.872	0.94	1	0.6	1	1	0.929	1	1	0.938	1	0.957	1	1	1	0.889	0.949	0	0	1	0.893	0.027	chr9	77849157	77849185
chr9	113188442	113188444	0.965	0.932	0.914	0.962	0	0.925	0.976	0.983	0.2	0.067	0.1	1	0.562	1	1	1	0.835	0.882	0.78	0.889	0.889	1	1	0.967	1	0.952	0.958	0.974	0.951	0	0	0.966	0.933	0	chr9	113188442	113188525
chr9	113188446	113188448	0.947	0.97	1	1	0	0.865	0.951	0.914	0.091	0.067	0.1	1	0.535	1	1	1	1	1	0.78	0.875	1	1	1	0.935	1	0.974	1	0.946	1	0	0	0.967	0.966	0	chr9	113188442	113188525
chr9	113188507	113188509	0.98	0.952	0.975	0.976	0	0.914	0.982	0.939	0.165	0.157	0.2	1	0.733	1	0.872	0.889	1	0.818	0.94	1	0.875	1	1	0.949	0.909	0.952	1	1	0.981	0	0	0.879	0.955	0	chr9	113188442	113188525
chr9	127131416	127131418	0.949	0.957	1	1	0.02	0.842	0.974	0.893	0.232	0	0.202	0.911	0.5	1	1	1	1	1	0.75	0.889	0.911	1	1	0.962	0.867	1	0.957	0.893	0.98	0	0	0.95	0.97	0	chr9	127131416	127131525
chr9	127131475	127131477	0.97	0.979	0.973	0.943	0	0.909	1	0.914	0.176	0.222	0.048	1	0.667	0.889	1	0.913	1	0.948	0.626	1	0.895	0.875	1	0.923	1	1	1	0.939	0.925	0.033	0	0.947	0.97	0.03	chr9	127131416	127131525
chr9	127131495	127131497	1	0.889	0.9	1	0	0.824	0.957	0.8	0.22	0.1	0	0.913	1	0.875	1	0.915	0.7	0.787	0.624	1	0.948	0.857	0.945	0.956	0.917	0.857	0.963	0.861	0.96	0	0	0.725	0.969	0.029	chr9	127131416	127131525
chr9	134371826	134371828	0.971	0.917	0.984	1	0.008	0.895	0.928	0.9	0.113	0	0	1	0.802	1	1	1	1	0.934	0.667	0.859	1	1	1	0.922	0.946	0.935	0.978	0.917	0.971	0.013	0	1	1	0	chr9	134371826	134371876
chr9	134371830	134371832	1	0.932	0.983	0.941	0.009	0.85	0.97	0.929	0	0	0.333	1	1	1	1	1	1	1	1	0.835	1	1	0.857	0.961	0.955	0.956	0.957	0.863	0.959	0.012	0	0.952	1	0	chr9	134371826	134371876
chr9	134371833	134371835	0.969	0.909	0.975	1	0.009	0.875	0.973	0.932	0.177	0	0.247	1	0.714	1	1	1	1	1	0.833	0.876	0.944	1	0.833	0.971	0.982	0.967	0.989	0.907	0.969	0.012	0	1	1	0	chr9	134371826	134371876
chr9	134371865	134371867	1	0.96	0.975	0.944	0.009	0.872	0.977	0.955	0.124	0.125	0	0.934	0.667	1	1	1	1	0.857	0.872	0.713	1	0.889	1	1	1	0.988	0.978	0.949	0.983	0.011	0	1	0.941	0	chr9	134371826	134371876