Mixture	CD14	CD19	CD4	CD56	CD8	Eos	Neu	P-value	Correlation	RMSE
CD4_6.txt.bg	0.00000000000000000	0.00000000000000000	0.97405491168569647	0.00691080645657318	0.00000000000000000	0.00862765278233252	0.01040662907539784	9999.00000000000000000	0.99380652461118457	0.11159426004965611
CD19_6.txt.bg	0.00000000000000000	0.95275953924568113	0.00000000000000000	0.00000000000000000	0.00000000000000000	0.00000000000000000	0.04724046075431888	9999.00000000000000000	0.99065210259648073	0.16244609520886030
Eos_3.txt.bg	0.00874653148339549	0.01010830551359465	0.00000000000000000	0.00000000000000000	0.01096456616639928	0.87500350116129644	0.09517709567531406	9999.00000000000000000	0.99523433459507005	0.10683804602517456
CD56-PBMC-1382.bg	0.00000000000000000	0.00000000000000000	0.00000000000000000	0.96101502367456659	0.00000000000000000	0.02719879068692879	0.01178618563850467	9999.00000000000000000	0.70843438404975057	0.71767523911525966
CD19_3.txt.bg	0.02357979208080190	0.93620547744317384	0.00377244787693323	0.00000000000000000	0.03644228259909112	0.00000000000000000	0.00000000000000000	9999.00000000000000000	0.96171308591711391	0.28494445921398137
CD19-PBMC-1389.bg	0.00000000000000000	0.90814839298794747	0.00000000000000000	0.00000000000000000	0.04311665310323401	0.00000000000000000	0.04873495390881859	9999.00000000000000000	0.82899032253988469	0.56560008969495079
reinGran_1.txt.bg	0.00368538470505099	0.00664221298821671	0.02227086549023446	0.03378590315700253	0.01025882213734087	0.00000000000000000	0.92335681152215432	9999.00000000000000000	0.96163118358681388	0.28882626206274914
renWB_4.txt.bg	0.03147607830711219	0.08248749489180261	0.16344814103397118	0.03113974499969937	0.08002622666937043	0.00000000000000000	0.61142231409804415	9999.00000000000000000	0.91220529803429540	0.55661343737288316
CD56_4.txt.bg	0.00000000000000000	0.00941218049602980	0.02219200790990298	0.96839581159406718	0.00000000000000000	0.00000000000000000	0.00000000000000000	9999.00000000000000000	0.99013903717895879	0.18602150930255146
BULK-PBMC-1313.bg	0.32635061215222422	0.01184705393054911	0.43652812041728772	0.10398921729601263	0.12128499620392638	0.00000000000000000	0.00000000000000000	9999.00000000000000000	0.58731926195649542	0.80864744124917098
renPBMC_3.txt.bg	0.22972172774031385	0.07182119558487424	0.34632889589701088	0.08504786744444580	0.21987146215149703	0.02432010791549791	0.02288874326636038	9999.00000000000000000	0.94672625204087479	0.50608523786050064
renWB_1.txt.bg	0.05684954336343891	0.04489040233405250	0.13168011417993589	0.17571486695064384	0.11321062922804727	0.00000000000000000	0.47765444394388157	9999.00000000000000000	0.90641615814437482	0.61549821759958989
accWB_3159.txt.bg	0.03159905879162693	0.04937250045697789	0.11431122303640046	0.05236353307570964	0.03621188684374549	0.00000000000000000	0.71614179779553966	9999.00000000000000000	0.91783332213985258	0.48032155232289098
reinGran_4.txt.bg	0.00779252198918827	0.00637557464008066	0.00720748679533183	0.00001010354202636	0.00000000000000000	0.00000000000000000	0.97861431303337276	9999.00000000000000000	0.97175877286392509	0.23799707824227534
accWB_3082.txt.bg	0.06078737062191258	0.01795693222715790	0.22189798385070306	0.05073840583691682	0.03216487202680384	0.00000000000000000	0.61645443543650580	9999.00000000000000000	0.94299564301044070	0.49138793565209821
accWB_3177.txt.bg	0.01865372227368181	0.08646559482350061	0.29070703214027882	0.06774741344431887	0.11349873645578798	0.00000000000000000	0.42292750086243186	9999.00000000000000000	0.91780436703519330	0.60866233475359099
Neu_6.txt.bg	0.00733751718861904	0.01421446072906592	0.07973070287183615	0.03008263652770057	0.02560894417281107	0.00000000000000000	0.84302573850996732	9999.00000000000000000	0.95028872881815807	0.35522844253382746
CD4_4.txt.bg	0.00000000000000000	0.00890930806346596	0.98191580604018791	0.00917488589634622	0.00000000000000000	0.00000000000000000	0.00000000000000000	9999.00000000000000000	0.99482597956836316	0.10267060433519548
CD19_5.txt.bg	0.00000000000000000	0.98467824988140262	0.00389510380701544	0.00000000000000000	0.00733796506839200	0.00408868124318986	0.00000000000000000	9999.00000000000000000	0.99450484242762593	0.12979455698540021
accWB_3021.txt.bg	0.06467916127484202	0.10840577359999369	0.15248731194286722	0.14503174740133706	0.09687747152688601	0.00000000000000000	0.43251853425407405	9999.00000000000000000	0.85275233268827200	0.68766080182662914
CD56_2.txt.bg	0.01172970840300953	0.00600707683018719	0.00000000000000000	0.97738936807685783	0.00000000000000000	0.00487384668994543	0.00000000000000000	9999.00000000000000000	0.98157020312970600	0.22379314626714897
CD4-PBMC-1389.bg	0.00000000000000000	0.00000000000000000	0.95112612744323566	0.00000000000000000	0.03824340100849120	0.00000000000000000	0.01063047154827317	9999.00000000000000000	0.82019484150815203	0.59868546955197288
BULK-PBMC-1382.bg	0.00000000000000000	0.00000000000000000	0.00000000000000000	0.00000000000000000	0.07747762258670939	0.00000000000000000	0.92252237741329057	9999.00000000000000000	0.80861516220816410	0.59050206281261641
CD56_1.txt.bg	0.00000000000000000	0.00000000000000000	0.00000000000000000	0.94965598562658582	0.04817465908817304	0.00216935528524123	0.00000000000000000	9999.00000000000000000	0.98461994383501339	0.20466498368321104
reinGran_5.txt.bg	0.00000000000000000	0.00000000000000000	0.01768856473950491	0.00613083651924058	0.00000000000000000	0.00000000000000000	0.97618059874125451	9999.00000000000000000	0.94528151710328623	0.32632974578886792
reinGran_6.txt.bg	0.00000000000000000	0.00000000000000000	0.02180242310236829	0.01597118038677410	0.00000000000000000	0.00000000000000000	0.96222639651085762	9999.00000000000000000	0.96301206592367017	0.27299328769400832
CD8-PBMC-1313.bg	0.01080459552875926	0.04693184212066673	0.11317086608930552	0.05350641054250255	0.69407951058661954	0.03243259748675763	0.04907417764538867	9999.00000000000000000	0.81147988600071563	0.58487942994826214
renPBMC_6.txt.bg	0.11847482686836736	0.13532801343102716	0.35336161367176860	0.14615410433402551	0.12842404466882645	0.00000000000000000	0.11825739702598491	9999.00000000000000000	0.94475806253392136	0.56475792921714474
CD19-PBMC-1313.bg	0.00000000000000000	0.94987395793335117	0.00000000000000000	0.00000000000000000	0.03041769737958120	0.00000000000000000	0.01970834468706765	9999.00000000000000000	0.81277392539765314	0.59972461626022333
reinGran_3.txt.bg	0.01656178915084375	0.00853122947012624	0.01303629164657613	0.00000000000000000	0.02606442295442330	0.00000000000000000	0.93580626677803047	9999.00000000000000000	0.95620206110706285	0.29950952130940911
CD8_3.txt.bg	0.01134704353568476	0.00250193968965722	0.00000000000000000	0.00000000000000000	0.98532573911438492	0.00000000000000000	0.00082527766027311	9999.00000000000000000	0.99400789686248492	0.12133858810926894
BULK-PBMC-1389.bg	0.26788371980340608	0.07984625881613254	0.25583415566221662	0.21954736005345185	0.08652715534615485	0.00000000000000000	0.09036135031863797	9999.00000000000000000	0.66252322686667020	0.77736231517143140
CD14-PBMC-1389.bg	0.98853833972230343	0.00000000000000000	0.00000000000000000	0.00000000000000000	0.01146166027769661	0.00000000000000000	0.00000000000000000	9999.00000000000000000	0.85151716632205354	0.54626634919447425
CD19_2.txt.bg	0.00114183001093406	0.99241294302465022	0.00000000000000000	0.00000000000000000	0.00000000000000000	0.00644522696441573	0.00000000000000000	9999.00000000000000000	0.99414397372931163	0.13251431509772782
Eos_1.txt.bg	0.00000000000000000	0.00745373597586004	0.01060692402774449	0.00000000000000000	0.02316297988931517	0.95877636010708034	0.00000000000000000	9999.00000000000000000	0.99380591660103346	0.12454123624755097
Eos_4.txt.bg	0.00000000000000000	0.00000000000000000	0.00326247316674837	0.00000000000000000	0.00669568107018848	0.99004184576306320	0.00000000000000000	9999.00000000000000000	0.98198411499723393	0.21422907427389468
CD56-PBMC-1313.bg	0.00000000000000000	0.00000000000000000	0.00000000000000000	1.00000000000000000	0.00000000000000000	0.00000000000000000	0.00000000000000000	9999.00000000000000000	0.81382416212676112	0.58533216836308732
Eos_5.txt.bg	0.00000000000000000	0.00000000000000000	0.00012375844673147	0.00744452455143557	0.00000000000000000	0.83761151466124539	0.15482020234058760	9999.00000000000000000	0.99243308593315693	0.13199053353500725
CD8_1.txt.bg	0.00000000000000000	0.01631216888660446	0.04186958763058294	0.31859356198868111	0.60887915661516934	0.00010511652870555	0.01424040835025641	9999.00000000000000000	0.97222819082045364	0.26234901615565126
renWB_2.txt.bg	0.09932745740691810	0.05878639989327374	0.14412894203637655	0.07655956131765176	0.03403969755392435	0.00000000000000000	0.58715794179185543	9999.00000000000000000	0.90616678210349211	0.55560968486942031
CD56-PBMC-1389.bg	0.00000000000000000	0.00000000000000000	0.00000000000000000	0.94416322865173596	0.00000000000000000	0.00542526813810999	0.05041150321015399	9999.00000000000000000	0.81365229210595302	0.58051765364261787
CD19_4.txt.bg	0.00000000000000000	0.99556974488896266	0.00000000000000000	0.00000000000000000	0.00000000000000000	0.00000000000000000	0.00443025511103745	9999.00000000000000000	0.98823277691950062	0.17129314023033967
CD14_5.txt.bg	0.95338912009541776	0.00259902525724715	0.00855117330184446	0.00000000000000000	0.00000000000000000	0.00000000000000000	0.03546068134549075	9999.00000000000000000	0.99464734952512146	0.11082130358561643
CD56_5.txt.bg	0.06541813000202001	0.02206420651457040	0.10639062348151175	0.80612704000189783	0.00000000000000000	0.00000000000000000	0.00000000000000000	9999.00000000000000000	0.98198976823966955	0.30227781449778518
CD4-PBMC-1382.bg	0.00000000000000000	0.00000000000000000	0.84840557346671541	0.00000000000000000	0.11819602536093707	0.00000000000000000	0.03339840117234760	9999.00000000000000000	0.89952153621650088	0.43940216747437716
CD14_2.txt.bg	0.99258993407027363	0.00000000000000000	0.00000000000000000	0.00000000000000000	0.00000000000000000	0.00741006592972640	0.00000000000000000	9999.00000000000000000	0.99097849216450551	0.14073811881057521
renPBMC_2.txt.bg	0.31483291894205045	0.10146515796023202	0.29800718567752094	0.12892628986828611	0.12202634877683051	0.00000000000000000	0.03474209877508022	9999.00000000000000000	0.92743096960509763	0.57622840845313661
CD8-PBMC-1382.bg	0.00000000000000000	0.00000000000000000	0.00000000000000000	0.18052426438733804	0.78504238026360762	0.00000000000000000	0.03443335534905449	9999.00000000000000000	0.84956497925625707	0.53116511912212871
CD14_1.txt.bg	0.96922565722859222	0.00000000000000000	0.00387769553819761	0.01546375091169913	0.00000000000000000	0.00000000000000000	0.01143289632151087	9999.00000000000000000	0.99395190232968245	0.11627647854817239
CD8_5.txt.bg	0.00528816283141722	0.00000000000000000	0.04473714026126861	0.00000000000000000	0.94716520104281376	0.00280949586450044	0.00000000000000000	9999.00000000000000000	0.98261952388270157	0.19240813335753779
Eos_2.txt.bg	0.01057821531537791	0.00000000000000000	0.00000000000000000	0.00000000000000000	0.00329472580923777	0.95154782138978677	0.03457923748559757	9999.00000000000000000	0.99578074850187803	0.11890254846514843
CD4_2.txt.bg	0.00000000000000000	0.00000000000000000	0.95412148799349461	0.00000000000000000	0.02959305487820979	0.01628545712829557	0.00000000000000000	9999.00000000000000000	0.99474598741152276	0.10270562084138148
CD19_1.txt.bg	0.01097914788092082	0.96528463654338892	0.00184137962422862	0.01578258653776948	0.00611224941369214	0.00000000000000000	0.00000000000000000	9999.00000000000000000	0.98307932467972825	0.19886757761609108
accWB_3045.txt.bg	0.06611536869119414	0.04044721409004146	0.11138055637671310	0.05798720678376488	0.02860154129331257	0.00000000000000000	0.69546811276497389	9999.00000000000000000	0.93356682511577915	0.46224580147147870
CD14-PBMC-1313.bg	0.98769336008964115	0.00000000000000000	0.00000000000000000	0.00000000000000000	0.00000000000000000	0.01230663991035887	0.00000000000000000	9999.00000000000000000	0.88793310075287701	0.47568875085287732
Eos_6.txt.bg	0.00000000000000000	0.00892486802862806	0.00000000000000000	0.00000000000000000	0.00275397401055512	0.98832115796081688	0.00000000000000000	9999.00000000000000000	0.98707146084706998	0.18589805017996588
renWB_6.txt.bg	0.02726884654657327	0.06880292050590708	0.16698956818594299	0.03945941895076486	0.06180556870726855	0.00000000000000000	0.63567367710354328	9999.00000000000000000	0.91160114433543082	0.53704469867939109
CD14_4.txt.bg	0.94856770057862216	0.01665783672217617	0.01025597235016684	0.01229107402824328	0.00000000000000000	0.01222741632079153	0.00000000000000000	9999.00000000000000000	0.98165645255723066	0.19534781065817702
CD8-PBMC-1389.bg	0.01823549733118110	0.04967396151721909	0.00000000000000000	0.27275836074687099	0.57232517091432733	0.05056687334695188	0.03644013614344958	9999.00000000000000000	0.75762568627042748	0.65333944351942574
renPBMC_4.txt.bg	0.13680314666427207	0.16880611678605897	0.35855010765994227	0.06977112770317080	0.18076158242510160	0.00000000000000000	0.08530791876145438	9999.00000000000000000	0.93842042142488236	0.55243254635677319
renWB_3.txt.bg	0.04399686001478673	0.03131348696699705	0.14436150986700569	0.02972746935614986	0.10745134649270698	0.00000000000000000	0.64314932730235375	9999.00000000000000000	0.91665519735813894	0.51694473783231132
Neu_5.txt.bg	0.00000000000000000	0.00666599758564949	0.01260779248812047	0.00000000000000000	0.02018614596998046	0.00000000000000000	0.96054006395624969	9999.00000000000000000	0.94474973698859266	0.32911662983153317
CD14_6.txt.bg	0.89651748432613321	0.00539586420634717	0.00000000000000000	0.00000000000000000	0.00769065157491186	0.00000000000000000	0.09039599989260776	9999.00000000000000000	0.99069919132206485	0.14912497239514830
CD14_3.txt.bg	0.98253732029159091	0.00000000000000000	0.00000000000000000	0.00000000000000000	0.01746267970840919	0.00000000000000000	0.00000000000000000	9999.00000000000000000	0.99588340663063757	0.09814069966845033
renPBMC_5.txt.bg	0.25750532132206022	0.11551349485190331	0.35203080096624101	0.01357449648884256	0.10448069742153802	0.00000000000000000	0.15689518894941482	9999.00000000000000000	0.91884702868525980	0.60289653425574874
CD19-PBMC-1382.bg	0.24820966713707238	0.67909498583134198	0.05206663669800671	0.01095557617655412	0.00967313415702487	0.00000000000000000	0.00000000000000000	9999.00000000000000000	0.74297195700425622	0.67433986466668849
CD8_4.txt.bg	0.00000000000000000	0.00000000000000000	0.03484191064815432	0.00000000000000000	0.96515808935184566	0.00000000000000000	0.00000000000000000	9999.00000000000000000	0.99441742854689574	0.11793556849004672
Neu_1.txt.bg	0.00000000000000000	0.00014818900313476	0.00000000000000000	0.01542102510099290	0.00000000000000000	0.07272765056722666	0.91170313532864566	9999.00000000000000000	0.99169124472560022	0.14266342906363311
Neu_4.txt.bg	0.00000000000000000	0.00000000000000000	0.00000000000000000	0.00015643472798763	0.00000000000000000	0.04765817295278464	0.95218539231922772	9999.00000000000000000	0.99397908934295631	0.11738889314748426
CD4-PBMC-1313.bg	0.00000000000000000	0.00000000000000000	0.99907431290938431	0.00000000000000000	0.00000000000000000	0.00092568709061569	0.00000000000000000	9999.00000000000000000	0.82153630601758121	0.60337268022404489
accWB_3093.txt.bg	0.02871700441302705	0.04917968550862642	0.20584590771188466	0.10847181617623600	0.08598724223061181	0.00000000000000000	0.52179834395961411	9999.00000000000000000	0.90002576321854399	0.59932393476448598
CD4_5.txt.bg	0.01810297827616389	0.00119242244458047	0.95004422138851441	0.00000000000000000	0.02519515512723700	0.00000000000000000	0.00546522276350417	9999.00000000000000000	0.99316623590607367	0.11732794505319841
reinGran_2.txt.bg	0.00741324462066487	0.00000000000000000	0.01769428210267933	0.01501824718380035	0.00000000000000000	0.00000000000000000	0.95987422609285555	9999.00000000000000000	0.96711107924101603	0.25900614173007319
Neu_2.txt.bg	0.00000000000000000	0.00000000000000000	0.00000000000000000	0.00000000000000000	0.00000000000000000	0.09531799040473540	0.90468200959526468	9999.00000000000000000	0.99241008187626745	0.13172838906551784
CD8_2.txt.bg	0.00000000000000000	0.00000000000000000	0.00000000000000000	0.07492139442842126	0.91979874430602537	0.00000000000000000	0.00527986126555314	9999.00000000000000000	0.99526868078734454	0.11139579761868276
CD56_6.txt.bg	0.00000000000000000	0.00000000000000000	0.00000000000000000	0.95263499843800170	0.00000000000000000	0.00000000000000000	0.04736500156199833	9999.00000000000000000	0.96859430318471695	0.28232504939126324
CD8_6.txt.bg	0.00000000000000000	0.00000000000000000	0.00000000000000000	0.20276397368987936	0.78705965976390613	0.00191039412075317	0.00826597242546113	9999.00000000000000000	0.99241013381196319	0.14683133520376077
CD14-PBMC-1382.bg	0.92919602421707115	0.00256888327106083	0.00000000000000000	0.00000000000000000	0.01108713401002897	0.05714795850183912	0.00000000000000000	9999.00000000000000000	0.86871028641303849	0.50241004497686781
CD56_3.txt.bg	0.02925048046382967	0.00000000000000000	0.00338384705339645	0.91794788973511798	0.04263936161284679	0.00677842113480911	0.00000000000000000	9999.00000000000000000	0.99090958704775800	0.20167049560252603
CD4_1.txt.bg	0.11185303255889284	0.00000000000000000	0.85507684412196083	0.03307012331914644	0.00000000000000000	0.00000000000000000	0.00000000000000000	9999.00000000000000000	0.98759901909218561	0.19453358421593697
renWB_5.txt.bg	0.04763751339815148	0.02435466536863267	0.08931196052400601	0.00000000000000000	0.04769923648456360	0.00000000000000000	0.79099662422464634	9999.00000000000000000	0.91523788652272930	0.43898828776320165
Neu_3.txt.bg	0.00000000000000000	0.00000000000000000	0.00000000000000000	0.00000000000000000	0.00274801440252836	0.00000000000000000	0.99725198559747175	9999.00000000000000000	0.99571724784271387	0.10029957242266405
Cd4_3.txt.bg	0.00649342050821168	0.00000000000000000	0.97685519812473909	0.01497799785359091	0.00000000000000000	0.00167338351345808	0.00000000000000000	9999.00000000000000000	0.99391863873989694	0.11082856821993260
renPBMC_1.txt.bg	0.17043953656732674	0.05647101140477127	0.23508643989118150	0.24289764555954435	0.16764921454098128	0.00000000000000000	0.12745615203619476	9999.00000000000000000	0.92814525147834148	0.57817110263154392
