CD4	CD8	nB	NK	Mn	mNeu	m8	DC	Eo	Tr	m4	Mg	Er	mB
9.370433	1.0	7.418696	9.378475	1.782143	13.66047	13.484181	10.29061	4.933858	7.158625	0.322388	12.360975	2.810362	6.028785
2.273204	1.0	10.229954	13.731376	3.360931	7.312835	8.13845	18.694348	3.502308	6.538464	13.605185	0.519008	0.036495	11.057444
8.396312	1.0	18.201848	11.061141	4.163168	12.592404	9.903538	3.07779	15.949497	0.075568	2.657022	9.376696	0.690654	2.854362
2.588132	5.5	6.259576	4.893844	13.550552	4.715464	5.518296	13.579148	13.600503	4.467441	8.577078	1.177613	6.834289	8.738063
5.129843	5.5	13.820237	12.043999	13.443346	7.687956	2.946075	1.331103	12.015421	5.086179	6.891759	10.784073	2.561539	0.75847
8.980354	5.5	2.99972	6.701608	5.216556	10.40347	7.493117	9.645346	5.775876	6.269414	8.261976	10.692183	3.357524	8.702856
6.99063	10.0	0.647198	5.653086	9.151755	0.079049	9.52372	17.690854	0.32973	1.596851	9.233298	19.136566	7.844646	2.122617
11.755048	10.0	3.225582	13.08352	8.312746	6.321034	11.601788	5.627964	9.592777	1.547497	2.33988	11.816526	2.641276	2.134361
8.945106	10.0	0.170673	1.668574	6.764505	0.453704	12.216758	11.912727	8.387463	11.976366	5.281345	6.871047	7.392411	7.959321
