CD4	CD8	nB	NK	Mn	mNeu	m8	DC	Eo	Tr	m4	Mg	Er	mB
1.0	5.661453	10.318139	10.996509	0.426766	10.563407	6.433408	7.906939	12.581679	10.852383	10.677178	1.268278	6.390209	4.923653
1.0	2.238591	9.159103	9.28598	8.606853	8.09584	7.770104	7.799321	6.184645	5.335987	7.882824	10.695255	5.29187	10.653628
1.0	0.568713	10.412747	1.27976	9.80915	8.448132	3.346066	11.757636	11.577097	3.150083	9.550756	8.878296	9.449285	10.77228
1.0	7.90827	13.52695	2.139205	4.828015	10.072868	7.219059	0.318024	1.327974	10.095489	9.138728	5.265974	14.278481	12.880962
1.0	12.350569	1.745057	9.674024	13.2392	4.763277	9.838966	9.162547	8.91367	8.796844	8.653511	4.155687	3.230291	4.476358
2.0	14.227565	0.588603	3.319477	15.373935	5.149254	12.273607	10.378249	7.193798	6.449071	0.593626	8.9489	5.158544	8.345372
2.0	5.827338	9.940723	5.135246	10.18955	7.641623	5.891168	7.125592	2.223645	12.588416	2.544558	12.958126	3.519819	12.414195
2.0	5.330074	7.542211	11.051322	4.199014	7.233666	8.479016	3.451359	9.704797	10.813786	5.02113	11.643998	10.261332	3.268295
2.0	11.550014	3.531034	2.207289	3.217785	12.502203	14.775078	1.277104	1.480737	9.655161	11.515245	5.674143	9.612141	11.002066
2.0	8.38754	10.042513	9.651384	4.723124	15.835489	12.859642	2.413245	0.831786	0.433119	6.533177	12.914584	10.239426	3.134972
3.0	6.946374	1.272645	11.013082	6.39051	10.874247	3.714908	10.647127	11.175744	8.978887	11.401111	1.942935	10.746352	1.896077
3.0	8.451509	15.225797	3.533514	8.278997	8.449439	6.594631	6.524106	8.279429	3.396074	3.857551	6.164975	12.04725	6.196728
3.0	14.477543	3.603549	0.631858	1.601865	9.14553	2.901165	2.127309	4.221533	5.639079	11.902242	14.229486	12.191968	14.326874
3.0	8.236795	3.658587	7.507871	8.769402	12.620466	8.360892	11.903059	9.595629	5.387323	9.464647	8.907227	0.162492	2.425611
3.0	10.506378	0.828638	10.757105	0.662706	3.538786	11.624884	11.802699	2.404366	10.526725	1.32593	11.125401	11.802041	10.094339
4.0	1.35535	1.37237	5.544544	12.180224	7.818492	4.922523	1.582793	4.199362	28.31207	6.273676	4.882498	8.990731	8.565367
4.0	12.551002	6.678584	11.060736	10.359624	3.834495	10.450451	7.440907	7.682706	0.572828	5.618649	0.145953	11.862921	7.741143
4.0	9.607721	4.502741	5.630814	11.681318	0.084081	10.469834	4.024389	9.885755	7.467659	7.554739	6.185311	8.095941	10.809697
4.0	9.834237	5.918519	0.114577	11.068377	11.982573	10.070998	9.673864	6.916836	11.935219	8.791756	6.107219	2.774678	0.811146
4.0	4.750549	0.321826	16.804827	18.066743	11.023461	5.305676	4.270713	9.907277	4.001514	7.155655	0.422274	4.63437	9.335115
5.0	10.072224	4.305682	2.278703	5.891368	3.748933	12.460905	9.791999	3.814943	9.234545	14.282932	4.596505	13.197076	1.324184
5.0	6.134406	7.23722	3.303682	0.643716	7.145797	13.302981	7.084146	2.05918	10.785966	13.099408	14.07193	7.046839	3.084729
5.0	15.238992	3.360091	1.057749	10.953932	4.925288	11.761359	11.339695	2.406274	9.582664	3.625975	3.487632	0.607468	16.652879
5.0	5.378245	12.78373	8.389318	10.232923	2.285598	1.451995	13.729086	8.937189	8.01538	14.616711	4.158031	4.591349	0.430445
5.0	7.57195	10.202026	12.420987	6.530642	9.381261	12.229358	1.71948	14.344579	0.57629	3.35337	6.462669	5.285004	4.922385
6.0	0.600073	7.348478	14.208494	0.819228	12.785518	1.586583	13.08948	1.568368	4.803116	6.468194	5.855708	11.087861	13.7789
6.0	3.198548	4.405722	11.875307	10.837665	2.653419	8.384587	2.892531	9.670257	10.408199	8.901776	6.499465	3.437887	10.834636
6.0	5.19914	13.422883	7.816878	2.749688	9.249144	2.428707	7.742939	6.070822	10.368811	2.179637	1.705986	14.303863	10.761501
6.0	0.651049	10.000552	15.229321	13.246883	5.09627	6.043098	5.897889	3.564557	2.816323	4.447657	14.955364	6.407293	5.643744
6.0	6.938805	10.864147	0.708228	5.607487	4.9759	8.410443	4.612594	12.467044	9.697542	7.768336	12.765057	5.176651	4.007767
7.0	5.858086	4.651946	0.846926	2.148461	6.847142	15.57845	7.256246	7.881563	7.054011	11.25707	6.995478	15.593982	1.030639
7.0	10.428768	2.88241	6.531925	9.379669	1.391998	12.627661	5.227038	11.863822	2.289466	3.650247	8.775498	2.320145	15.631355
7.0	8.988501	10.250605	0.608937	13.02502	1.313172	2.252887	2.089357	12.909492	11.353353	9.835892	5.197046	1.689673	13.486066
7.0	13.60947	11.584708	1.563424	4.285832	9.55561	6.038605	10.530802	6.776681	7.380283	0.58362	11.523348	6.213488	3.354128
7.0	13.037352	7.972231	3.346511	8.0968	3.695389	4.742737	9.503486	9.495824	0.962258	5.675238	10.740697	6.694392	9.037084
8.0	12.991317	1.152127	2.361261	3.766069	11.554967	12.082305	6.078355	11.657721	6.809626	7.402614	2.007376	6.364432	7.77183
8.0	13.131741	1.323166	2.45726	7.354508	0.014919	4.846689	7.698668	6.481732	10.346926	6.385252	4.693105	0.375374	26.890659
8.0	4.320175	8.753143	14.498468	4.686112	2.541563	12.264827	6.352754	10.153603	11.307801	1.272888	6.453403	3.242135	6.153129
8.0	3.156656	3.350239	10.352764	0.74317	3.73585	5.724184	9.210729	11.549476	8.961835	8.614523	5.953999	10.667364	9.979212
8.0	5.9499	8.872486	9.150584	3.218373	5.664201	4.212073	9.383008	8.504597	10.09112	3.610797	7.118565	9.403763	6.820532
9.0	11.748651	1.178625	4.460833	7.992086	10.885052	3.128304	12.231209	4.512427	7.045048	12.808127	10.285095	3.077028	1.647514
9.0	3.491731	6.283213	0.666242	4.992592	4.263304	4.077907	12.350745	0.985407	10.056502	6.652869	12.445782	12.69691	12.036796
9.0	11.328992	2.145368	9.228309	8.60195	9.196131	7.551665	4.194148	7.781094	12.843872	11.365694	0.969164	0.249496	5.544117
9.0	6.176036	1.511844	7.346821	10.112829	3.483158	10.611857	3.691369	7.288143	5.528043	9.863701	7.433465	8.290669	9.662067
9.0	0.289395	6.609821	4.298893	2.654462	8.408416	5.717298	9.171001	8.196706	12.100432	8.322695	2.920844	12.632476	9.677562
10.0	11.156609	2.998924	8.49512	5.920435	10.608686	0.664086	8.428042	9.552196	2.778091	5.596414	11.286858	11.736958	0.777581
10.0	10.579998	3.312259	0.999968	12.357194	4.691542	6.419689	11.900303	8.864096	1.607981	6.626314	8.644167	10.316217	3.680273
10.0	7.783304	11.703208	2.591154	9.821046	4.583742	11.266374	11.420974	2.798237	5.808361	6.897605	3.346508	7.307907	4.671579
10.0	3.745281	3.889519	12.30788	7.351715	9.891264	11.0484	6.590976	7.57423	9.168263	2.801651	4.456709	3.720171	7.453941
10.0	13.357528	5.808792	1.684593	12.205144	5.589281	3.354834	13.516994	9.194142	14.20619	3.605919	3.488872	3.813671	0.17404
5.54117	1.0	12.871781	3.407135	6.890155	3.078896	9.33643	14.522863	3.223991	8.526049	4.467168	8.891109	11.44171	6.801544
8.122279	1.0	8.725001	7.450054	0.27166	11.587055	8.511253	11.466118	4.452571	7.481715	7.733125	11.238092	2.940197	9.020878
3.412241	1.0	5.243186	6.414918	7.195603	3.118139	3.845944	2.498414	8.865476	14.364945	8.828001	15.276996	7.433037	12.5031
6.443117	1.0	8.964944	0.871146	13.243425	2.79094	5.053179	1.738955	14.248122	15.772326	11.858074	8.841112	3.767992	5.406667
9.517392	1.0	9.804854	7.541565	11.112152	6.458518	11.27923	12.041582	6.792031	2.243515	7.552403	5.808002	4.000086	4.848671
4.673956	2.0	7.165817	13.640386	0.397752	12.795408	22.345686	4.111565	5.317669	5.732827	10.517831	4.038545	3.248592	4.013967
12.850894	2.0	8.136261	3.190435	11.262336	9.519967	10.169409	7.541661	0.607071	7.697366	12.111615	4.09292	4.639282	6.180782
12.82088	2.0	9.310425	0.199401	3.310998	3.284922	7.068905	13.26223	11.836016	7.37458	4.682608	10.215642	4.16267	10.470723
6.289802	2.0	10.907378	0.178009	12.815895	13.068951	8.153739	3.117013	10.324868	13.210734	11.602203	1.306151	4.27346	2.751797
11.307641	2.0	9.26004	3.317586	5.913298	2.717239	8.586813	11.295264	1.419123	7.703238	11.388206	12.13628	4.049772	8.905499
7.750593	3.0	5.507946	10.902989	1.383537	7.893114	12.595781	8.641465	12.175283	3.945875	5.06727	3.038636	11.340882	6.756627
5.349496	3.0	0.537174	14.274492	14.848962	12.22727	11.891059	4.324021	0.291792	15.038251	1.867755	1.02623	4.183012	11.140487
2.969772	3.0	9.610249	0.174089	9.283619	8.124984	13.385401	10.149201	5.301875	10.890178	9.019242	11.591864	3.03541	3.464115
3.053932	3.0	3.695426	6.836083	9.79089	13.103396	9.913666	11.241173	8.7146	19.925069	0.54481	0.089563	0.763978	9.327413
3.994881	3.0	13.984487	7.962706	0.435794	12.654934	5.280243	11.895475	5.455386	11.535153	7.075194	1.63672	2.994721	12.094306
1.886603	4.0	1.474601	12.251041	1.051296	11.112629	13.008942	6.532544	14.760365	0.518716	8.76475	2.396399	11.788077	10.454036
10.279039	4.0	3.864692	13.38286	14.32061	1.183574	7.359596	4.667241	12.045196	12.787497	3.827903	3.064077	8.862774	0.354942
1.567694	4.0	10.532928	8.62585	14.89063	4.391044	10.292097	11.453507	3.164566	0.955823	9.95343	12.037651	7.592318	0.542461
3.667393	4.0	5.989184	12.299926	5.225741	6.790703	2.148416	12.174287	4.632657	10.62835	10.317551	8.90294	11.202677	2.020176
9.62399	4.0	16.798771	0.075259	8.888586	2.605229	4.919317	0.756356	12.153629	9.595437	2.073781	14.57203	2.870271	11.067345
10.741244	5.0	6.301086	8.586115	4.072046	1.603758	11.206565	4.108521	12.393655	10.136963	5.259815	4.857469	4.481908	11.250857
14.349545	5.0	2.339861	5.433323	3.772652	15.431456	0.819584	16.242367	2.621031	14.953122	1.312346	11.217154	2.146367	4.361192
7.767209	5.0	0.046116	14.997658	12.680475	2.688555	13.448615	2.346631	6.873268	0.410622	11.734358	6.976325	9.806734	5.223434
13.875723	5.0	13.573634	4.677929	12.062882	2.739314	4.483385	4.865613	5.276109	9.470644	5.905081	11.201786	4.969188	1.898713
13.067387	5.0	0.31149	3.842966	12.541218	0.219355	12.498671	14.90006	6.787107	2.341894	2.531851	4.631652	14.316856	7.009493
5.626063	6.0	6.082995	6.532989	8.657149	12.593085	8.512185	0.9071	12.787053	6.176085	5.607822	6.852799	6.95298	6.711696
10.618778	6.0	5.205078	0.263228	1.465361	12.492723	13.643199	1.430703	9.780546	3.999445	6.097586	6.312871	6.492393	16.198089
2.486775	6.0	3.512839	12.615978	14.747852	2.973463	5.996866	6.882107	3.729074	10.175249	3.058274	11.742841	7.432554	8.646129
2.916809	6.0	4.837371	12.395384	11.244732	7.941287	9.689922	4.996033	3.957438	11.86267	1.107697	11.111825	4.832917	7.105916
2.519054	6.0	0.721642	0.161058	4.822569	8.525025	11.526863	8.888804	0.373082	13.433283	12.812926	12.866011	9.397394	7.952288
10.724794	7.0	2.541734	10.320841	0.356102	12.125689	9.96552	4.930348	11.082236	6.33954	7.94161	2.649178	4.674334	9.348074
2.585933	7.0	7.692911	7.415511	7.628729	5.593298	2.866336	3.896025	10.168408	12.925752	8.079969	8.974277	5.843323	9.329526
0.35897	7.0	7.630469	13.418936	2.608615	11.040132	6.835824	3.197184	2.180147	13.573995	4.135377	10.523179	4.428217	13.068957
8.616612	7.0	6.125075	10.495276	6.361594	8.770745	5.21278	8.988202	9.206774	8.83788	5.525527	7.197439	5.309068	2.353026
8.151263	7.0	10.975535	5.322648	8.351253	8.228806	6.137874	3.813122	7.313957	2.749511	1.640769	3.082978	12.276287	14.955998
10.382634	8.0	4.483612	13.048054	4.544405	9.230544	1.071849	2.583324	6.887752	14.360475	9.393319	10.264408	2.483415	3.266209
9.331835	8.0	4.825017	8.961928	8.077993	9.630533	2.161876	2.183246	10.115911	7.091771	8.962755	3.673386	8.469801	8.513949
8.815545	8.0	10.418806	8.907703	7.749956	10.147999	12.358513	3.254278	8.706803	9.353779	0.930982	6.235111	4.282419	0.838106
2.287186	8.0	4.923332	7.160303	6.691373	15.805508	0.592388	13.161971	3.725281	14.815936	1.35072	15.443023	4.024738	2.018242
3.446938	8.0	5.248373	3.64069	10.010462	4.036861	14.030629	12.116786	6.285776	13.060825	0.304705	0.466977	13.378622	5.972357
0.822283	9.0	3.302046	0.762117	15.24534	12.323968	5.264776	2.105391	5.699192	13.157403	7.873484	13.214769	0.432621	10.79661
11.772665	9.0	1.867111	2.589721	9.144819	4.847459	11.466247	7.439438	15.58012	1.154338	5.690423	13.346834	4.286693	1.814133
2.323187	9.0	9.050999	4.883333	3.375349	5.962745	11.316338	0.834144	9.573716	11.505245	8.332611	6.665915	8.840521	8.335896
7.906184	9.0	7.861959	7.76091	8.448654	8.835856	10.090354	1.365479	10.335604	10.70097	4.071852	7.559699	1.070386	4.992092
6.274345	9.0	3.417518	11.823032	12.498402	6.48694	5.699837	1.862042	0.2029	9.893353	7.98523	12.888758	5.174278	6.793365
4.59919	10.0	6.215755	12.96845	5.281231	10.113695	5.480074	2.805354	3.954879	6.022552	7.747017	12.040734	5.453417	7.317652
5.110281	10.0	10.984545	7.94598	4.384138	1.526405	9.909035	6.937837	13.165122	7.154097	0.288279	11.85092	10.549495	0.193866
6.891486	10.0	8.597011	6.984584	3.511821	8.151985	6.27758	10.509735	10.731553	3.595661	2.516946	10.811635	6.251589	5.168413
9.660145	10.0	6.221761	8.716149	1.064877	7.180554	0.842854	9.481071	11.308712	5.883378	10.274812	3.153953	5.532723	10.679011
9.885498	10.0	11.043465	11.298564	2.452472	3.470141	5.38386	11.391619	7.989244	5.355534	11.467022	0.930819	2.429042	6.90272
5.841907	5.308182	1.0	12.589624	5.168085	4.392509	12.787379	6.656572	1.839204	12.018297	10.735194	9.497257	5.237323	6.928467
0.900146	1.59006	1.0	12.754122	11.877471	11.731871	13.772598	10.618172	11.439352	6.93837	6.898487	0.018033	3.963053	6.498264
16.332859	4.209618	1.0	5.673265	8.716259	5.432922	1.325741	0.001758	13.936708	15.782478	6.340624	10.041118	7.127021	4.079629
11.253806	7.847073	1.0	2.630843	15.614617	1.362444	1.704432	1.910361	3.176926	16.721913	11.175288	7.860477	1.739903	16.001918
6.698514	10.05995	1.0	3.72628	11.230973	11.869108	3.74129	8.333354	11.475008	13.210581	8.134756	1.077913	5.404664	4.03761
12.226348	5.624297	2.0	10.468055	7.22039	7.249047	4.551189	7.717195	11.792065	5.828303	0.868875	3.057676	10.227879	11.16868
0.39276	1.745348	2.0	4.960048	11.354165	11.305663	20.802442	10.907604	0.31681	8.878328	3.558537	11.538678	0.851769	11.387849
9.272431	12.872035	2.0	4.873285	5.520157	5.74977	10.849624	2.954295	1.892402	14.772398	14.456152	0.277514	11.041789	3.468147
8.717395	12.44188	2.0	8.36509	6.580764	3.679393	2.16817	3.14958	3.652751	13.160805	12.444907	14.070434	1.522977	8.045854
6.494812	6.239973	2.0	8.032377	2.999677	7.226884	9.934868	19.602592	20.450987	5.481497	4.966803	2.701208	1.827556	2.040766
3.469789	4.829771	3.0	11.903758	0.060816	4.598861	2.983024	12.480494	1.573242	17.844245	18.997363	0.021957	15.193172	3.043506
12.825321	0.534799	3.0	14.997374	4.956117	5.630763	10.267864	5.037101	12.444752	1.816798	15.471211	8.732162	0.236341	4.049397
11.79416	1.458043	3.0	5.810883	11.865803	4.989842	3.430056	5.988981	11.670667	2.504676	7.661269	10.695316	8.629493	10.50081
6.513112	15.005019	3.0	4.57899	15.73222	8.784524	0.526403	3.263459	8.626048	10.823535	9.766496	8.743088	4.581402	0.055706
3.655941	14.530991	3.0	8.871035	0.058343	7.186636	11.841854	8.451539	16.220433	16.688444	3.241841	3.078034	0.809931	2.364978
3.299959	1.338963	4.0	6.324737	10.137431	10.188657	11.747486	11.74041	8.66749	6.234598	14.156284	9.712088	1.559163	0.892734
1.063705	17.557782	4.0	1.624336	5.583678	5.85713	1.739913	9.05382	17.623593	7.163172	6.323219	9.108351	7.466794	5.834508
2.346759	10.021511	4.0	9.981039	5.933307	9.508271	11.54058	3.637257	12.434761	4.133891	1.237292	10.794323	12.124426	2.306583
10.790776	10.177738	4.0	11.487218	5.065209	3.588248	9.424336	3.009721	7.764854	11.523222	3.26592	4.006554	11.029374	4.866831
10.78524	1.715545	4.0	3.578242	5.814741	8.266016	8.045718	6.592355	7.326614	6.472794	9.697266	12.592506	7.10499	8.007973
13.962208	3.31948	5.0	0.161879	7.320319	7.115968	5.781734	5.455814	8.34598	10.141458	15.273747	10.482374	5.374198	2.264841
10.456936	4.338098	5.0	1.891248	10.383865	2.350123	8.434368	3.995271	8.659824	3.713365	2.167786	13.097335	12.024661	13.48712
4.360093	11.647939	5.0	1.513645	7.108511	11.806779	9.273899	0.131673	9.286375	7.375805	2.719032	11.829702	9.433701	8.512845
2.071539	8.679767	5.0	1.37729	10.930302	3.102186	9.175638	5.402976	10.839981	9.964273	11.872058	0.824098	9.2554	11.504491
17.540219	10.916821	5.0	7.984673	5.292596	3.711604	18.373971	5.495163	0.189269	3.138213	3.639945	6.005638	1.312026	11.399861
3.79905	2.604646	6.0	10.93768	12.024777	2.854128	6.485236	9.870659	11.098366	4.675413	4.734831	10.831038	6.690549	7.393625
12.523827	9.089228	6.0	2.399694	12.786512	11.349997	5.386891	1.112665	0.519302	12.706641	10.632418	11.291643	0.221912	3.979269
2.957225	7.734166	6.0	8.11383	2.463186	18.869404	3.530866	10.505987	12.091813	2.982018	4.399991	5.759696	9.967854	4.623963
5.008983	10.153202	6.0	12.09368	2.197552	8.763764	6.414158	10.962071	9.918855	6.267173	2.112445	14.719061	4.194083	1.194971
7.656603	12.265804	6.0	10.059568	10.51718	8.878522	0.714009	12.122573	10.217584	2.871344	10.640896	5.389267	1.738521	0.928129
2.951633	1.114039	7.0	5.172723	8.252059	9.760888	13.301498	1.308959	8.43218	14.133486	3.494004	14.509093	1.410165	9.159273
2.756539	14.798128	7.0	5.089692	15.156483	5.29961	13.067168	2.468579	9.268177	5.274824	1.266698	12.160946	5.438632	0.954525
9.690913	8.67898	7.0	4.620739	8.387194	5.293467	2.893963	2.793379	11.835551	10.366665	10.129097	11.563741	0.20441	6.541901
6.314172	1.303559	7.0	11.419141	6.427598	9.111533	4.84071	11.755822	6.138749	2.090557	6.383011	5.712613	12.579538	8.922997
9.229011	3.275245	7.0	8.674591	9.498393	9.260293	6.848102	2.823061	10.237981	9.783496	7.296464	10.450625	0.250559	5.372178
8.522396	7.138319	8.0	4.204194	2.734902	2.966897	1.387083	15.995062	12.439464	2.426751	3.569074	13.200374	9.691296	7.724187
11.60465	9.777298	8.0	10.323553	6.975976	1.830426	6.884163	1.033373	8.315053	8.204022	7.720156	5.852693	6.962598	6.516041
12.747049	3.483611	8.0	8.113896	3.343848	10.705745	1.088201	5.90967	4.850752	4.778911	8.17201	7.117813	8.839987	12.848508
10.443626	9.113941	8.0	1.77147	2.489108	8.423459	0.129088	10.141153	11.046765	11.106941	3.34805	13.621173	3.392815	6.972411
7.181489	7.451602	8.0	10.758291	5.073117	10.319759	9.801187	0.77413	5.278668	9.579674	6.524775	7.862709	2.325742	9.068858
0.615101	13.716988	9.0	18.161317	9.525548	1.071213	4.593662	16.754804	0.575482	10.952998	1.983159	8.892126	1.198935	2.958667
8.585348	11.799554	9.0	8.282485	1.974166	0.107928	1.476991	6.049469	12.745875	7.237231	8.319428	12.157138	8.040569	4.223817
3.30177	10.5206	9.0	7.618505	8.697091	1.160678	3.442417	8.815729	0.200342	14.335182	4.161452	14.019336	6.114717	8.612181
8.13823	1.99768	9.0	0.889094	8.385115	3.769411	1.742909	6.550557	15.372061	9.15469	7.891184	14.601293	1.536265	10.971513
10.672881	7.604489	9.0	7.175629	4.759885	0.390949	12.449285	0.101843	1.005521	9.007389	8.485654	5.872109	11.205806	12.26856
4.036929	2.16155	10.0	0.390603	12.516717	13.586301	11.96593	9.803871	4.22255	1.016781	12.936334	2.04317	9.06327	6.255995
12.942683	2.526168	10.0	16.141454	4.177446	7.59237	2.19258	7.599283	4.921486	10.80006	4.445682	12.134114	4.288106	0.238567
8.964103	9.185862	10.0	2.557343	9.110026	8.635735	7.286813	0.411995	7.659103	9.262834	2.408776	6.397347	10.576542	7.543522
10.658928	11.103132	10.0	10.478695	12.744367	4.274108	5.531799	7.076684	5.667477	3.912052	0.374644	0.280282	8.918753	8.979079
8.164344	8.47825	10.0	7.125264	2.443229	8.87359	4.688753	8.054853	8.274024	10.343551	8.178815	10.195829	0.615011	4.564488
1.561355	1.341112	7.016904	1.0	12.405221	3.95826	13.074635	2.183508	10.93028	5.57716	10.995374	10.846147	13.835677	5.274366
8.066915	16.210983	4.489161	1.0	3.71886	18.164412	13.061465	3.331154	6.500457	3.340178	0.747278	7.623146	7.667523	6.078467
10.095789	1.54739	2.135602	1.0	13.803663	0.497369	16.173094	12.75054	4.593271	8.808653	7.740664	4.011089	1.39609	15.446787
8.200135	4.744871	8.917949	1.0	13.247548	5.655849	4.520029	7.856296	10.936542	8.854137	14.462959	0.106995	4.00978	7.48691
8.047192	13.79714	14.849184	1.0	4.970252	4.751547	9.423325	12.82229	7.257675	7.296311	5.457189	0.756807	6.487477	3.083609
3.998904	6.316008	10.586147	2.0	11.103988	2.534273	2.994839	0.205018	14.609409	11.596998	11.427469	10.35557	1.919983	10.351394
10.132113	4.222673	7.479902	2.0	5.917582	4.756768	0.686174	3.693678	8.191408	15.571456	14.725652	13.664457	0.0301	8.928039
2.484496	11.176942	8.471569	2.0	8.975571	5.940524	10.618767	8.329667	9.192252	6.908213	9.771703	2.054871	3.293525	10.7819
1.736329	10.698119	12.922413	2.0	2.627483	10.97358	13.56765	11.36563	8.742658	6.953797	5.419355	6.273535	4.262752	2.456699
9.958424	6.480355	4.16417	2.0	8.048554	11.60055	7.650243	7.276878	0.972453	1.357258	9.181605	8.619915	12.300205	10.389389
0.248338	8.508726	2.226319	3.0	11.265453	10.919441	13.816821	10.273679	1.782848	14.712763	3.543634	15.768199	2.03439	1.899389
4.043183	7.690948	11.280213	3.0	1.263954	6.876154	8.564541	6.438561	7.559738	5.296437	3.931153	10.817995	11.483075	11.754047
10.225622	4.055628	2.735576	3.0	13.329137	0.202448	13.226334	12.239561	12.402499	2.491141	15.16009	0.709296	5.599899	4.622769
10.23657	1.757821	13.169231	3.0	2.716007	12.424904	5.828251	12.994893	7.412006	9.473384	2.927191	1.949056	11.051363	5.059323
12.274131	4.296289	10.221516	3.0	2.406028	4.234682	1.43635	12.038719	5.714164	9.770111	10.242134	2.15163	10.649104	11.56514
4.862899	0.298109	11.560254	4.0	1.315214	15.996108	14.676159	3.296441	4.078017	5.068916	2.108869	16.211314	12.387971	4.139728
9.696003	12.140407	5.376386	4.0	7.584246	13.135764	6.075467	1.383917	12.156368	9.56676	3.247737	1.815362	0.481124	13.340459
11.983402	11.407696	4.761441	4.0	12.228103	3.030688	11.835312	2.79865	10.586277	1.323254	4.997971	5.959091	3.784801	11.303312
3.296273	7.886099	0.181961	4.0	11.431211	12.515765	9.246089	10.788803	11.989388	8.188004	4.758822	9.447955	1.07695	5.192679
19.25716	9.836013	3.107406	4.0	2.451842	1.627814	10.888325	7.07391	0.32624	4.296874	19.185109	0.359563	0.490659	17.099086
5.489419	10.977153	12.383739	5.0	9.165624	4.593163	10.062769	2.76464	4.352716	8.95014	2.981198	4.219858	10.905825	8.153757
8.744527	11.308896	11.506157	5.0	7.899416	3.464465	3.370053	6.386436	1.701421	7.838999	10.071621	6.741642	10.74668	5.219689
6.333052	11.211959	9.391547	5.0	8.261406	0.655597	11.645675	11.963126	4.297219	1.74258	7.608264	9.410187	8.252234	4.227153
9.605374	3.293712	5.051164	5.0	12.876757	0.934905	11.749306	10.891252	9.504824	7.700219	4.513112	1.959215	10.690071	6.230087
4.462435	9.950735	8.291119	5.0	2.05855	11.563353	4.572787	11.504375	10.165504	2.107361	8.676401	6.337692	9.621196	5.688494
6.877753	14.464332	8.819617	6.0	8.072183	2.449118	3.789708	5.171415	0.210089	14.055366	9.227194	11.821649	6.621798	2.419779
5.256238	9.125519	11.577553	6.0	2.358591	10.469807	5.537213	7.164725	1.466481	10.987024	0.695101	9.124096	11.956223	8.281429
1.40547	8.401973	6.086425	6.0	10.696976	11.261798	2.586281	2.359051	9.586103	10.693376	5.209239	7.147606	10.486666	8.079037
1.129669	7.975016	11.86303	6.0	5.506023	6.043957	7.269637	5.154071	9.939637	11.096743	9.243403	1.269298	11.185498	6.324017
6.238328	10.750889	6.297093	6.0	5.501989	10.838007	8.975749	1.268919	2.638994	8.871334	10.144508	7.528701	12.168723	2.776765
3.563546	10.136484	7.194879	7.0	10.381049	14.197074	7.441122	6.800629	13.754713	7.94884	2.694374	3.611212	0.779581	4.496497
12.375353	6.296718	10.557228	7.0	9.438694	1.222159	3.309479	5.848402	7.052386	5.722399	4.756173	2.883003	11.806718	11.731288
11.962754	3.286227	8.798388	7.0	5.431005	5.054809	9.66099	8.632391	9.888503	2.564728	7.757926	9.223164	5.757186	4.981929
11.639753	3.763531	9.300263	7.0	8.209412	0.507993	6.716515	5.297763	13.141071	6.068312	7.205798	10.106858	6.591465	4.451267
9.416656	5.644392	10.947726	7.0	9.032206	3.922027	5.58543	8.559778	0.553025	11.671356	7.663874	5.329273	3.456419	11.21784
4.36945	2.433491	4.042839	8.0	13.446153	12.472331	0.56982	3.525029	4.942188	9.976274	8.927769	9.495089	8.559431	9.240136
3.683343	8.098336	11.796993	8.0	1.424655	12.149282	8.533355	5.700569	2.7771	6.435622	10.38894	8.858848	7.183028	4.96993
0.180086	4.692397	7.878996	8.0	10.815172	2.574484	10.781361	5.672421	12.01526	8.279799	6.955663	13.103524	7.13149	1.919348
10.358832	9.969069	9.07854	8.0	11.130893	6.893551	0.338744	4.109529	5.59866	3.256352	6.950582	10.161278	4.450974	9.702995
2.290682	9.383073	6.010429	8.0	3.925431	3.305434	2.316228	12.815259	12.862975	10.070577	2.289699	6.353941	9.644385	10.731887
5.823908	3.241317	7.252022	9.0	10.395954	9.149797	9.326448	4.467285	0.350948	8.785251	10.789599	4.830377	6.732802	9.854291
6.447219	8.718905	10.58752	9.0	9.496106	7.455745	8.671753	3.674212	3.001202	10.107751	1.397785	4.160888	9.161102	8.119811
1.45909	2.553661	10.277266	9.0	10.357872	6.877818	3.835279	10.197232	11.683474	4.948007	9.323538	6.748297	6.143589	6.594878
4.201327	10.740969	10.47918	9.0	9.576209	13.18527	0.908586	1.650129	11.883721	0.938707	4.855588	8.429971	9.225373	4.924972
2.367324	8.478812	10.883601	9.0	7.077711	4.181057	11.810884	13.447872	6.968177	8.020438	8.589243	0.673183	4.461586	4.040112
12.760702	14.16955	0.669386	10.0	3.119315	5.073493	8.708047	14.256555	4.290839	3.860029	8.034083	8.585451	4.597189	1.875361
7.633788	9.653515	1.854274	10.0	11.075788	9.411507	12.277918	12.652916	0.357683	3.652686	4.694403	4.263373	9.300673	3.171476
8.305034	1.959274	6.667787	10.0	10.290275	9.997088	6.511799	8.294967	4.706838	11.413757	0.750883	10.03179	0.491307	10.5792
6.078553	9.134853	3.998967	10.0	10.683362	4.985629	0.172785	8.87623	6.400803	3.703434	11.793301	9.234689	4.130459	10.806936
10.679451	5.704661	6.630392	10.0	5.478726	13.023783	2.506829	14.651206	3.115436	7.329541	6.605358	2.91351	5.84034	5.520769
7.403433	11.517958	10.231829	2.449981	1.0	10.689864	12.017089	0.260594	9.031405	2.380314	7.268022	9.674213	15.349149	0.726148
14.111895	1.523285	12.868451	8.017014	1.0	16.001353	1.74538	1.758743	7.688238	1.174189	8.521902	5.509074	8.279021	11.801456
0.037411	5.338687	0.202109	13.435081	1.0	9.317591	8.365689	6.776618	0.942015	14.391527	11.809465	10.416745	8.895714	9.071348
15.507715	11.258087	0.83727	11.916461	1.0	5.730239	14.034549	0.900364	5.428513	7.955884	8.965239	3.322967	10.951506	2.191205
12.818992	2.737895	10.945086	5.381219	1.0	9.205105	3.144082	7.68964	7.26175	1.480041	6.262233	11.57074	10.414354	10.088863
8.385302	12.110617	10.028919	12.584306	2.0	1.616933	11.728848	13.279913	2.86626	4.836119	1.010339	1.08951	5.507469	12.955467
11.642231	6.741438	1.794927	0.578213	2.0	6.901378	6.028221	14.021851	5.059436	13.057186	14.616402	7.160799	1.278217	9.119702
11.961048	9.212881	10.99694	0.6645	2.0	11.972258	5.791854	5.533331	1.982111	7.935751	7.688813	12.062379	5.521657	6.676476
3.27608	7.677418	16.149052	11.373834	2.0	4.347443	0.39125	8.918241	6.472316	2.247735	6.921004	17.304944	3.475338	9.445344
10.33055	8.609994	6.863311	14.993104	2.0	9.372511	3.305544	3.02624	3.262272	0.981687	14.205944	2.223543	7.431629	13.39367
2.378508	11.888067	3.531245	2.947555	3.0	8.196717	12.868501	14.460891	4.460677	10.392058	0.823038	8.926089	4.734733	11.391922
0.762106	11.579441	7.563226	10.921374	3.0	7.796975	8.492929	6.405232	2.397956	6.69074	2.261081	11.608831	8.820764	11.699346
6.776858	3.710839	12.265361	7.2774	3.0	3.582381	10.7847	11.940127	2.656297	7.050249	9.599932	13.415203	4.681039	3.259615
1.747694	5.982168	14.24669	4.938362	3.0	5.836645	4.705419	6.362112	6.046918	8.055417	10.066285	13.940596	4.727914	10.343781
2.554939	16.782536	0.808617	10.613284	3.0	2.063461	12.872763	5.156287	1.860552	6.460213	16.634542	10.97669	5.859693	4.356423
10.87688	7.397637	6.495709	1.950456	4.0	13.957913	12.607147	12.470658	2.119769	4.603009	0.418615	6.351478	10.115638	6.635089
4.589137	12.838663	0.980267	8.844035	4.0	9.370086	6.035185	6.690873	14.562538	8.598019	1.985652	9.529141	10.502191	1.474213
7.256441	9.531152	3.791735	3.085425	4.0	6.604766	10.468077	4.024945	11.435184	8.18414	0.230883	11.559581	8.610079	11.217591
7.487988	0.467484	4.459695	5.202877	4.0	11.171859	1.739544	9.600501	2.689353	5.995213	12.530678	13.276213	6.802642	14.575954
10.488701	2.979406	1.219836	3.138398	4.0	11.947574	15.313708	2.958685	1.959282	7.100391	12.649593	0.931826	14.653923	10.658677
6.83898	6.334639	9.194155	12.491031	5.0	13.78214	5.100153	3.6682	3.605573	3.161351	1.145304	7.317938	16.317147	6.043388
9.507558	7.352069	8.537164	4.555957	5.0	7.103844	0.00715	9.696227	8.768149	6.019124	10.873433	4.522693	11.319936	6.736697
6.505376	9.885347	5.900723	1.421106	5.0	6.797541	10.033295	9.519294	1.525035	10.768999	10.810336	7.47502	4.472422	9.885506
7.237557	0.920515	5.180204	13.661663	5.0	6.763404	2.518155	12.205029	8.84676	10.995121	1.601511	12.724083	11.838824	0.507173
0.109515	11.343839	10.906531	8.81343	5.0	10.29053	0.160598	2.248331	5.405244	12.004412	6.554864	7.572347	7.450602	12.139758
12.435281	13.966037	7.209043	4.944406	6.0	1.244265	13.771423	10.12733	1.269406	0.772268	3.517479	3.060584	13.791142	7.891335
4.197783	4.91265	11.499677	7.901588	6.0	13.896205	5.64165	9.695661	8.800505	2.959747	0.086712	8.152259	7.061472	9.19409
0.929825	11.936386	10.658017	3.965574	6.0	10.550928	3.147348	12.242045	2.331104	12.198531	9.037015	3.790731	11.570951	1.641546
7.84725	0.347189	10.662966	6.996072	6.0	10.158671	9.880755	12.152669	10.207751	4.450583	4.836258	0.64248	4.642431	11.174924
7.13143	9.049404	5.131393	12.739549	6.0	0.194701	6.587397	10.745815	14.460429	10.242656	8.810315	4.735235	0.528741	3.642934
2.357567	5.049631	15.334762	0.932712	7.0	7.456048	6.092933	13.863324	7.521539	0.942851	7.208711	4.286423	5.726928	16.22657
6.598744	6.812514	11.990502	9.84687	7.0	2.460022	1.978503	2.295142	6.584047	12.491918	10.33319	12.301655	6.719145	2.587748
2.500323	9.174341	3.627642	11.628604	7.0	9.350949	8.311632	8.14643	8.541297	9.819092	0.604101	11.697367	3.941908	5.656314
1.453232	8.939126	11.219974	10.466258	7.0	13.440631	12.647089	0.467452	0.511733	10.54047	1.54203	2.029969	12.197425	7.544612
5.396961	5.709874	5.980589	10.290619	7.0	6.410868	9.582422	11.862379	10.540674	0.179133	7.13414	10.553405	2.11063	7.248306
11.492248	3.295506	5.876793	7.74036	8.0	0.810676	12.404658	0.978768	10.852273	8.556384	6.137208	12.193459	9.766795	1.894873
2.234164	7.673919	8.179844	13.523857	8.0	9.011481	11.572557	7.175027	8.703396	5.61526	3.252945	0.327442	7.288137	7.44197
1.518591	11.765106	12.145149	8.363401	8.0	2.057457	5.909759	4.503845	12.977579	8.090738	10.984163	0.142373	5.314411	8.227427
5.731555	10.622325	6.106897	14.318145	8.0	0.508366	7.147383	5.519185	5.177624	13.65432	1.363927	2.031864	11.017541	8.800867
0.329638	9.390757	5.963433	11.088929	8.0	4.344334	5.41556	10.980093	8.077942	10.415692	6.631565	12.101487	1.009176	6.251394
5.680991	7.824992	4.490026	3.532193	9.0	0.45574	7.236838	9.972377	9.139028	10.620384	10.703575	4.821146	7.376296	9.146413
3.41152	7.293846	5.91935	8.782996	9.0	13.153192	7.724066	6.997519	1.736223	8.058698	11.536871	2.820771	5.821544	7.743403
0.950774	5.241775	5.767645	2.193268	9.0	0.715411	7.018204	5.316559	11.434653	10.663712	11.041945	11.119859	11.506869	8.029324
12.068905	9.406257	4.479442	12.929805	9.0	2.475043	6.017978	6.488167	1.135068	0.037731	7.463139	5.672803	12.612083	10.21358
3.081741	1.420264	1.615897	14.176865	9.0	12.471632	9.285807	6.181072	1.41865	4.011094	2.046121	15.586302	0.430089	19.274465
6.791791	6.132735	6.159894	5.730783	10.0	10.148146	5.07788	8.858553	4.08883	8.254828	10.061238	5.320926	5.590655	7.783741
10.383343	4.705488	8.33661	7.479831	10.0	12.474841	5.386208	7.590999	4.376894	5.235308	12.039628	6.019817	4.224211	1.746821
4.412464	14.573253	2.506084	4.20647	10.0	1.600482	8.612693	14.783388	9.271599	7.756352	4.81005	9.260149	6.243626	1.963389
8.970368	13.290757	4.213111	9.652957	10.0	8.607148	4.579276	7.833992	1.243195	8.588349	5.626993	0.922971	12.787476	3.683408
10.095577	5.09759	8.424547	8.287325	10.0	7.503846	1.215793	8.892802	7.837774	10.855538	8.077022	5.724303	2.560863	5.427018
0.256978	7.226223	17.206935	2.471079	16.398912	1.0	0.098483	6.227008	6.692043	5.71241	12.252383	9.312626	5.842997	9.301923
4.907884	4.539394	8.463268	4.978721	14.32269	1.0	2.949199	10.925646	14.091283	10.391951	7.406989	0.430975	3.449554	12.142447
2.985738	7.291032	9.630621	1.87499	9.667156	1.0	10.944033	13.14858	0.479042	13.842061	9.638627	3.742055	14.325281	1.430785
3.880583	3.724126	4.211119	10.112471	10.017505	1.0	11.644219	9.673959	10.742239	11.050934	6.619485	1.321382	5.328807	10.673173
6.443163	6.181992	8.107909	8.236581	7.414734	1.0	4.363914	10.653208	12.286488	12.311355	0.895715	10.730005	3.631945	7.742991
8.629788	5.172804	11.620377	2.752461	13.586108	2.0	13.532044	6.668678	2.429321	7.931702	8.048589	2.737387	6.430244	8.460497
7.287609	14.496835	6.912324	16.831961	8.676784	2.0	0.540669	9.39438	3.380491	10.378088	8.36121	1.981063	3.689098	6.069489
5.950723	14.2327	7.278677	1.783274	9.775316	2.0	1.555781	0.220515	14.002605	12.79337	2.356782	12.013908	12.813172	3.223178
3.182985	3.658445	0.215891	12.240907	15.133897	2.0	11.099755	0.857909	4.499037	16.728124	8.732818	2.377066	17.162347	2.110818
5.983328	11.343772	5.295001	10.818822	4.225656	2.0	12.427505	6.664106	4.621433	0.807322	8.282342	10.673338	4.445187	12.412187
2.313206	6.915897	1.253624	1.436964	6.997029	3.0	17.03989	1.537716	2.104922	13.724129	1.9979	17.393675	7.947685	16.337364
5.41385	2.931486	10.863991	2.237301	3.291598	3.0	9.988188	10.982344	10.265152	8.595027	12.440487	10.299709	1.460368	8.230499
6.010133	2.222639	3.930977	4.372384	11.965901	3.0	15.171354	11.305185	7.291224	10.98356	6.707863	1.924646	13.644094	1.470043
6.221663	1.345985	10.307002	3.777886	6.080319	3.0	0.988032	16.429123	9.780583	14.786567	5.167837	9.379776	5.66686	7.068367
11.08005	4.984871	0.341063	10.131479	7.660589	3.0	1.505468	6.797743	6.604787	8.09356	11.377377	7.249443	10.942662	10.230909
11.348628	16.185466	7.379454	9.054232	4.02436	4.0	13.918255	5.497556	3.019141	11.463947	0.9257	7.590165	3.822158	1.770938
13.171945	12.550485	8.476989	8.03239	0.272924	4.0	8.603028	0.833651	4.842256	1.683007	8.777011	13.864806	12.775207	2.116302
3.338076	10.593526	6.6944	3.555618	15.343988	4.0	0.605559	12.252052	3.752981	5.429077	9.30264	11.805993	1.097839	12.228251
4.562991	2.907219	11.325757	12.869948	9.85823	4.0	2.372594	11.203557	8.416011	3.137987	2.391279	9.392137	7.09444	10.46785
9.199229	9.719321	14.24101	11.952631	3.191083	4.0	1.673079	1.16767	5.998841	19.338071	0.534711	4.489945	7.388802	7.105606
10.053966	2.372151	9.169439	3.730333	13.646289	5.0	9.042676	3.367674	3.27923	9.938001	1.728413	12.315349	7.630177	8.726302
6.889594	3.991691	8.478809	9.856388	9.4527	5.0	5.497851	9.366244	2.016886	9.409762	2.532627	7.974573	9.03513	10.497743
12.21926	10.435613	9.678584	0.639508	7.072453	5.0	8.998611	10.89728	6.638036	2.953105	9.808711	1.317354	4.582136	9.759349
4.39789	1.320167	1.261184	12.615572	7.052613	5.0	9.32246	4.318536	8.873543	9.283098	8.393668	13.312924	8.584782	6.263562
12.552931	5.493351	8.340049	6.78455	4.086038	5.0	13.383671	7.441837	2.936713	3.032065	13.433858	0.91289	11.811575	4.790471
9.379827	9.712606	9.552492	6.522545	10.06676	6.0	5.743999	5.906174	3.201337	7.871895	0.392587	8.846507	9.928521	6.874751
7.170357	0.987905	0.934455	2.413442	11.600784	6.0	0.153301	7.185081	17.968196	4.304047	15.673487	7.312189	4.751487	13.545268
2.811549	1.018013	7.143967	10.873303	2.458643	6.0	16.268904	15.905256	17.357234	8.996376	1.608431	2.140729	1.681222	5.736374
7.631004	10.614429	13.351129	2.155869	15.85293	6.0	6.904269	0.946891	0.083738	16.053164	2.226556	0.194955	15.078536	2.90653
3.00971	1.015586	13.522385	9.693132	3.117033	6.0	13.391072	11.487098	3.160663	2.454295	9.153461	9.802925	13.635388	0.557252
4.913946	4.038441	12.299801	10.401021	1.79487	7.0	9.671629	0.575626	9.875312	10.557773	10.455462	12.139861	2.88251	3.393748
2.457312	6.69301	3.45988	13.813701	13.009728	7.0	1.728608	9.555249	9.61431	8.283576	1.962551	13.149545	3.303825	5.968704
3.684728	1.978758	0.408143	5.412922	5.899824	7.0	7.290497	12.208593	16.71923	3.319446	11.203788	13.69603	10.781544	0.396496
7.383496	7.014127	11.42654	13.099315	2.366242	7.0	0.064811	11.80207	1.277398	4.879304	10.203352	10.239305	11.089934	2.154106
5.861337	0.764521	8.843916	1.318413	14.896167	7.0	16.007518	15.944695	15.546167	1.758776	2.496604	6.477116	0.634957	2.449811
6.786841	12.284881	0.426142	7.731197	0.759302	8.0	11.357668	12.067964	0.714821	8.361581	9.224687	8.075845	7.056114	7.152958
13.572601	5.349879	1.805315	4.84415	8.553631	8.0	0.810273	5.024453	6.260286	6.454198	11.846012	13.611131	13.278193	0.589878
8.026439	3.09923	2.148171	11.384779	6.528677	8.0	13.060516	0.592996	9.520677	2.981668	4.730374	11.771027	7.890212	10.265234
0.72147	2.959531	12.363607	11.853328	5.225375	8.0	6.408072	4.109462	8.134055	0.952483	4.925506	11.021545	13.22134	10.104226
9.452827	8.270051	4.544459	5.470296	11.75836	8.0	14.667132	10.173649	5.731531	2.734099	1.22464	12.23304	5.63138	0.108537
3.543521	7.179859	4.491705	5.806941	5.684597	9.0	3.077159	6.886491	10.280275	0.402345	12.004325	11.066294	10.159997	10.416491
3.256704	4.929468	9.236107	17.501223	8.175179	9.0	15.472359	9.458067	7.573658	0.785188	9.461707	3.768318	0.279693	1.102329
0.080923	7.005977	1.480573	7.842324	2.254276	9.0	11.177481	1.103197	10.160003	13.06831	8.934044	5.754905	9.099302	13.038684
5.329297	2.951106	5.087982	3.634036	3.859375	9.0	0.081781	11.340619	12.284312	5.047576	11.447687	5.451875	14.688891	9.795464
5.938445	9.985241	8.827774	12.937818	1.789781	9.0	13.388575	9.43773	9.652202	7.435211	8.764661	1.922512	0.759358	0.160693
5.365781	6.880824	0.739721	0.968187	6.578298	10.0	14.09229	1.292228	3.897371	11.490895	5.156584	13.205554	12.999492	7.332777
12.185484	7.788497	5.69703	2.346607	8.943143	10.0	3.999542	10.091106	10.309702	3.792701	9.342012	7.98343	4.370621	3.150123
0.714073	12.588409	1.350108	10.272512	4.214938	10.0	12.089488	6.320497	2.722175	0.389043	7.096077	2.444661	12.415873	17.382146
9.090634	9.480484	9.688424	8.432883	3.792966	10.0	10.062043	0.540473	11.422097	5.134048	1.565146	5.121478	10.820475	4.848848
0.601996	1.488366	13.76969	9.389362	5.232153	10.0	5.950169	13.200564	12.135347	10.578597	1.41489	3.421343	11.271548	1.545975
13.858949	4.819909	5.942704	12.572453	2.743419	5.785684	1.0	5.388202	2.756991	7.54364	13.968671	1.581882	9.801135	12.23636
13.094901	16.182471	1.51161	3.199956	0.135194	10.809141	1.0	4.825097	6.971115	4.561369	14.577208	4.613641	5.864557	12.653741
2.123313	4.290773	7.162204	9.377508	12.354202	12.84131	1.0	6.18878	2.967779	2.429545	12.353819	11.27689	11.215066	4.418813
10.294409	2.848713	13.005112	4.061234	14.287815	9.920875	1.0	6.680702	13.329226	9.28117	2.9923	2.987125	1.707599	7.603719
11.598717	2.452406	3.260406	2.364665	9.731797	11.577286	1.0	7.479702	7.992809	10.189778	11.12648	4.735823	9.050849	7.439284
6.931963	10.161065	7.76847	1.195692	11.972239	2.607147	2.0	4.870979	10.022778	7.536459	10.042032	3.139164	9.845959	11.906053
9.758605	6.921095	8.888767	8.729021	10.083739	6.829444	2.0	4.662325	6.579349	8.016765	10.545745	10.683579	4.356313	1.945254
7.838536	13.663276	3.066332	10.378205	14.266686	3.692409	2.0	10.613289	13.692558	4.678217	5.809256	0.754408	7.01637	2.530459
3.332391	3.226221	1.341038	4.817935	3.165185	16.849579	2.0	11.510088	8.955472	7.947525	6.883148	16.791982	13.170931	0.008505
1.394515	1.555011	11.888177	9.508232	10.872091	1.353723	2.0	11.318686	8.836195	9.278638	5.217175	10.151845	12.148274	4.47744
5.061589	12.485488	1.869134	3.985428	4.145563	17.091881	3.0	3.132237	7.964781	7.584342	7.196632	13.274983	8.487437	4.720504
6.292728	1.151063	3.729972	11.370701	10.106895	0.98983	3.0	2.771861	8.266881	11.294334	11.419725	11.448392	8.101222	10.056395
5.408464	2.789959	12.245275	8.207754	7.337095	6.872433	3.0	12.401109	1.678548	6.486356	3.604929	14.381011	6.743249	8.843819
8.890047	10.586703	11.519431	15.701576	10.056125	1.13392	3.0	10.601523	3.734678	10.137075	6.21342	5.851252	1.066878	1.507372
10.572923	9.862552	7.955948	6.582656	0.870868	8.943555	3.0	10.335465	5.874201	10.381536	5.224552	8.93858	7.249797	4.207367
7.228226	11.401951	7.817302	10.078441	4.863759	5.606157	4.0	5.068472	10.892977	6.17428	3.505214	6.556032	3.814336	12.992852
15.015229	13.506617	1.601484	7.068598	1.485862	5.884905	4.0	7.105387	8.383829	2.666618	7.361992	7.112575	11.885107	6.921797
12.154308	9.920642	3.412487	13.037638	10.854001	8.387183	4.0	8.200165	2.265186	3.995373	2.488345	9.214181	11.072344	0.998145
2.547209	1.380163	3.456591	9.359521	12.917403	7.554159	4.0	11.621546	1.202113	9.167252	1.256867	12.863096	11.940133	10.733948
12.463518	8.346991	1.595158	2.383666	9.649453	7.273319	4.0	2.977603	5.078679	7.335781	9.054243	12.184456	10.123357	7.533776
6.382395	11.445364	4.121032	1.830996	3.441332	6.526861	5.0	13.60812	13.089561	2.831978	5.49088	7.362747	9.949732	8.919001
7.906326	10.251569	4.528053	6.504027	8.39617	2.815746	5.0	11.200346	12.127655	4.844008	4.973594	4.074658	10.433488	6.94436
11.481144	1.62404	0.960297	0.636681	9.350549	12.76999	5.0	4.461434	9.771496	10.167578	4.88871	9.606633	8.51146	10.769988
13.876706	5.712599	3.239135	14.653099	13.198165	2.691577	5.0	3.927762	3.79288	4.226928	0.384937	6.438248	11.950947	10.907018
2.214326	6.321924	7.37517	9.682412	5.111601	8.791798	5.0	8.970986	3.041866	5.185353	7.278491	10.767851	9.15916	11.099062
2.829387	4.267476	6.694177	11.172267	9.106145	5.288309	6.0	9.252124	12.512092	5.537318	1.769257	8.980147	10.850006	5.741293
5.127176	4.678799	10.150029	2.543651	7.706648	3.71373	6.0	10.101341	7.978301	3.901771	8.756697	11.956246	5.442493	11.943119
8.680222	11.672474	0.762528	1.066473	12.326016	7.727803	6.0	9.873738	5.133259	4.044329	11.675816	8.703733	3.91433	8.419278
7.982449	12.873057	5.797482	6.015422	6.429962	8.679819	6.0	5.923709	9.36234	2.457276	7.447877	2.829431	9.466337	8.73484
10.693869	11.545366	11.879616	7.747179	7.414378	3.616636	6.0	3.290743	9.921752	14.970644	5.981217	4.212588	2.094847	0.631166
7.352781	13.70524	4.863627	12.819626	11.942441	0.278495	7.0	14.119524	8.422993	5.613873	7.760618	3.886925	2.055803	0.178052
7.288597	3.384101	2.947706	12.163882	0.919936	11.588447	7.0	11.513092	10.14846	10.361956	11.082342	10.28259	0.137978	1.180913
3.721794	11.711825	7.388281	3.679539	12.427214	10.300539	7.0	12.025196	8.655741	0.118342	0.919422	7.103814	10.917696	4.030599
8.018084	4.667389	6.224609	3.428745	13.310873	13.681119	7.0	10.337909	0.000381	9.843774	12.754176	0.247	6.226432	4.259509
7.699192	10.741085	9.625394	7.971155	8.331112	9.421445	7.0	6.374779	3.582941	1.610349	7.061821	7.693725	6.527414	6.359588
6.101424	9.086993	5.646505	10.922148	1.064851	0.615951	8.0	10.689887	7.204063	8.234735	2.994816	10.325859	9.633454	9.479313
0.574445	9.098939	1.694741	5.147028	11.993145	4.05686	8.0	8.543349	4.170942	12.450088	12.249274	11.377519	8.033035	2.610634
13.303906	2.848992	4.733926	9.40205	0.545752	12.270396	8.0	0.622055	11.897315	6.949209	10.069652	11.753124	3.307211	4.296413
10.168224	2.332679	10.450856	4.500662	11.216644	6.080729	8.0	9.554938	10.311925	0.896067	6.74418	3.588654	12.05195	4.102492
4.286045	5.768824	5.596132	0.449027	5.029169	9.238799	8.0	13.21799	11.937462	13.15376	4.926632	7.517517	8.842014	2.036631
0.011409	5.954159	12.24217	2.368962	8.285556	3.327464	9.0	3.854237	13.92831	8.682424	6.645915	14.684498	9.702143	1.312753
9.645481	9.263274	7.1079	5.216004	4.703492	0.55837	9.0	10.950926	8.575154	10.501097	5.390041	10.772878	7.635737	0.679645
9.704934	3.135446	7.269602	10.666234	8.554435	10.309377	9.0	7.89993	5.990774	6.306813	0.225772	6.259648	9.227636	5.449398
0.24958	4.600729	8.825752	1.643032	5.39588	7.738941	9.0	11.409623	11.558208	11.467844	8.605551	3.761849	8.048339	7.694672
2.353813	9.692276	8.995994	8.625746	0.838016	5.833079	9.0	14.356642	1.639929	10.456293	8.515823	8.140335	1.366857	10.185197
6.788682	10.32815	1.329884	8.21332	6.482088	7.684068	10.0	8.24167	10.089648	4.517559	0.94075	6.402632	8.217645	10.763901
8.388584	11.315778	9.085082	2.897705	6.45509	0.198103	10.0	1.816123	7.916216	8.129851	9.5288	2.29911	10.686232	11.283325
8.790951	0.737749	10.830532	3.111493	9.298668	6.653814	10.0	4.295376	10.729206	4.504464	8.747822	1.156314	10.431703	10.711909
6.839252	9.404466	11.907626	0.962142	9.653828	12.445428	10.0	5.331785	12.349683	0.01595	1.458395	6.896808	0.870995	11.863644
2.559437	11.603444	12.096592	10.84238	4.944986	1.183368	10.0	4.585622	13.405449	2.860181	10.7319	1.819503	0.541273	12.825866
6.69612	10.329313	15.385462	6.225867	9.7287	15.319845	6.197895	1.0	8.397246	3.556882	1.383909	2.819413	4.342956	8.616391
8.14902	3.007275	14.594975	6.418998	7.404671	5.090273	7.973897	1.0	12.919616	6.837648	9.056321	3.090182	14.128642	0.328481
10.286551	9.723253	2.662073	3.985719	8.341229	4.943765	6.392515	1.0	13.799223	12.189047	3.342201	1.561944	6.356116	15.416363
5.286731	2.938612	16.338231	10.339133	1.923526	0.641707	0.472307	1.0	7.210672	5.307819	6.323266	3.075414	14.62962	24.51296
4.601276	11.712772	0.143663	8.173043	6.247864	10.501508	15.199126	1.0	14.675405	1.052468	10.230665	11.60342	1.962492	2.896298
13.40084	6.09281	3.36132	9.191721	0.330611	2.635747	9.087598	2.0	10.993603	11.69869	4.34361	2.628955	11.797607	12.436889
7.227368	13.255961	4.544875	6.40967	5.635185	11.18519	9.978938	2.0	12.388751	4.551561	1.629857	4.635313	13.71769	2.839641
9.497342	0.897605	15.119868	2.827402	0.6941	2.770569	6.637059	2.0	12.156672	12.159274	11.074321	2.200987	6.663075	15.301724
2.829757	8.043028	12.752375	3.554125	5.265254	4.902146	3.057332	2.0	5.143886	12.689687	7.947754	12.98848	5.780016	13.04616
11.698339	10.803248	11.131944	13.151383	3.639994	4.567022	12.313056	2.0	7.42479	1.241694	3.027637	2.978052	4.460957	11.561885
0.722626	1.47541	5.100138	13.869477	10.7854	10.303771	6.037561	3.0	10.061591	3.541133	0.04413	9.608655	13.802539	11.64757
12.389115	12.789079	9.21121	8.415647	4.060056	6.809954	10.2011	3.0	2.887733	4.935893	12.665534	1.161658	9.789198	1.683825
15.524264	7.499399	10.369107	6.499154	3.931186	12.888343	3.137946	3.0	13.777958	4.807468	2.911763	8.735118	5.106418	1.811878
0.947089	13.351277	13.471483	8.087664	8.941112	0.72478	3.540613	3.0	2.550763	3.134128	9.404084	11.133133	10.173884	11.53999
9.165407	13.84284	14.737819	2.500052	4.13791	6.767915	12.564113	3.0	4.776238	3.119761	3.718731	8.78338	6.067218	6.818617
7.424924	11.180037	15.586455	7.609651	5.399118	5.612154	6.926292	4.0	10.431607	5.508258	11.390354	1.543432	1.985599	5.402119
5.539151	11.629245	8.350346	11.38561	12.502386	2.54029	5.160688	4.0	5.590332	2.74435	11.045909	4.762661	6.637183	8.111848
17.259013	0.148353	0.159515	2.360536	10.626352	5.546215	5.409149	4.0	9.011723	5.512222	8.400191	17.194721	12.034673	2.337337
15.28084	1.604304	3.017707	14.901737	2.960152	0.86561	0.094778	4.0	9.846974	6.135655	6.084521	11.138938	11.939019	12.129764
13.102248	1.697921	6.020929	6.017287	7.689656	5.808848	1.08299	4.0	3.562489	14.166117	10.011804	10.715739	11.036386	5.087587
7.960077	5.977607	2.627824	10.138828	12.243369	9.814861	7.579548	5.0	7.447949	2.517506	8.415094	6.764534	2.027303	11.485499
6.644247	7.049162	8.140628	12.68271	14.419212	4.628352	0.450108	5.0	11.257187	5.229652	11.798724	4.030221	5.264534	3.405264
8.777901	11.905145	7.800332	7.72142	3.413704	2.132158	12.247103	5.0	2.49845	10.539431	1.935281	12.612668	2.991089	10.425317
9.986603	13.532142	4.24101	1.370467	2.301032	1.27146	17.548317	5.0	10.646586	3.370624	16.640149	6.475357	2.600419	5.015834
7.753603	0.007926	9.761898	8.221031	11.89172	3.261505	5.809949	5.0	9.580992	9.987337	6.604951	9.238112	7.471691	5.409285
3.845214	3.746203	6.540328	11.172585	1.401493	12.064675	13.649434	6.0	0.731795	0.48015	15.048258	13.59609	10.971693	0.752083
6.908559	8.162612	5.40355	0.180295	1.419758	7.249736	12.558765	6.0	13.829267	6.854134	7.986589	7.107035	5.229641	11.110058
11.33395	2.600798	10.291846	12.370281	2.961705	3.793394	12.845825	6.0	8.286863	1.287713	9.253891	3.790015	12.926233	2.257485
3.962427	12.468457	1.582516	4.288499	14.342233	4.963914	13.129834	6.0	5.361737	14.136898	1.674938	1.370509	2.872685	13.845351
9.957008	6.871272	7.722807	2.901386	10.088476	10.513277	3.527939	6.0	8.18752	8.707292	3.715089	8.897811	6.194132	6.715993
4.73322	0.981215	10.934073	6.099394	11.62175	5.192439	3.351243	7.0	8.721859	7.764422	8.281536	10.030185	15.225705	0.062959
9.104573	1.175122	13.329171	9.57214	10.333416	1.207881	3.679245	7.0	11.409349	3.754393	3.777554	8.565243	12.231732	4.860182
4.719402	9.545573	10.945772	4.139511	6.03172	5.731084	3.670063	7.0	11.223605	4.748825	7.128445	11.281781	12.313613	1.520606
5.49474	1.315282	10.043378	0.52117	2.548106	15.010566	14.515648	7.0	4.576129	15.187503	4.360098	12.342644	0.749018	6.335718
10.934182	5.907682	8.074679	2.61591	3.536711	10.019133	4.382526	7.0	6.551198	8.563853	4.592588	11.638593	13.687394	2.495552
6.113697	1.325749	1.982095	11.60186	11.449116	1.07828	12.766188	8.0	7.491484	6.974665	12.992327	0.069178	12.397464	5.757898
7.404452	7.695757	9.085416	4.941776	8.919016	9.524858	4.696472	8.0	7.31865	4.223066	7.358754	7.354092	8.787817	4.689873
0.08898	4.914196	2.734848	0.403739	11.799374	7.099696	12.451807	8.0	10.349366	5.763871	4.047975	11.875044	9.883234	10.58787
9.403439	15.315078	0.865233	2.390474	15.271836	4.470035	7.960047	8.0	3.724622	9.01526	7.460511	1.865206	2.315938	11.94232
15.464474	7.406981	10.658324	1.130518	6.354954	4.848799	14.265706	8.0	0.023782	2.111876	1.467327	7.125111	9.412705	11.729443
2.398767	10.703866	5.435872	13.231624	3.785412	11.054535	1.504046	9.0	13.266629	11.755465	5.512949	7.73635	4.222291	0.392193
11.593779	0.634962	0.444475	10.767029	3.192017	13.765589	6.646978	9.0	6.786122	9.639465	3.318454	8.253113	4.615609	11.342408
4.75067	7.306538	2.020063	9.633741	11.685774	8.438562	12.25358	9.0	13.09923	10.780384	2.49283	5.975167	0.994847	1.568613
13.424048	2.590012	1.135866	8.322329	0.290786	13.441671	4.720227	9.0	1.703212	13.511538	13.663623	5.631504	8.61041	3.954776
12.429946	5.806621	6.837087	3.507657	8.358265	13.227997	2.141627	9.0	5.904139	5.990416	12.099298	4.438831	5.659874	4.598241
9.399101	7.864834	11.160281	5.710599	8.477176	7.498348	3.575619	10.0	3.722624	9.375351	7.406776	6.433415	8.118791	1.257086
5.467814	4.361945	9.044307	10.615013	9.452993	4.824433	4.923231	10.0	3.968892	0.596193	8.486407	10.05944	11.220906	6.978426
6.839752	9.014003	12.565341	11.723124	3.899386	0.411511	5.5156	10.0	2.179254	9.178376	2.546863	10.060132	10.048183	6.018474
5.129361	6.863806	8.210229	7.444253	1.400797	9.032929	8.860204	10.0	5.829547	6.163702	9.086948	9.029286	9.092997	3.855941
9.056718	10.577552	10.107809	7.828094	1.864361	1.64432	11.343987	10.0	3.590333	9.656118	12.046915	0.024121	0.704254	11.555419
3.724524	4.402275	14.845468	9.186822	0.743097	4.493288	14.947079	12.639015	1.0	10.887101	5.749975	2.551565	9.412842	5.416948
10.573483	4.074456	0.587535	9.95145	8.307754	13.934931	13.905832	13.391506	1.0	7.061301	0.503871	3.776602	6.168107	6.763172
10.859892	7.567558	10.272859	3.644751	5.024449	4.71867	4.031478	4.013541	1.0	3.617787	9.030257	1.779968	14.963985	19.474805
2.892627	12.615529	1.576983	9.935386	13.30042	6.826141	3.380805	7.500315	1.0	8.759732	7.581323	14.131846	10.254642	0.244251
14.055569	7.585763	0.60164	4.246264	13.476943	4.722454	5.634213	11.642228	1.0	8.706498	11.948251	12.377829	2.51314	1.489208
0.958829	2.399813	1.527181	10.990859	9.914423	9.387002	17.939859	11.780811	2.0	6.330806	9.288494	7.737776	3.226394	6.517752
1.627563	12.893947	1.717076	1.903729	6.189797	13.817387	10.752242	5.580797	2.0	12.605704	3.902728	6.657399	13.702358	6.649273
2.043878	14.055225	12.472091	2.276741	6.982233	5.358897	9.970827	13.907335	2.0	13.077673	3.300614	0.270574	1.125441	13.15847
7.630719	4.493231	10.110888	8.332509	13.283024	2.291588	9.395491	4.41915	2.0	1.598258	8.871142	10.295446	12.460401	4.818153
0.503606	10.811204	0.873939	14.778601	8.585639	3.424767	10.876842	1.85283	2.0	3.801473	13.466392	2.935516	15.429736	10.659454
8.930902	6.627084	6.77324	5.380553	9.480318	11.07193	0.242056	8.498978	3.0	3.967915	10.50809	5.970581	10.443441	9.104911
5.976795	8.632585	7.789039	3.184731	5.851322	8.042965	10.586022	10.96422	3.0	8.426014	5.981698	4.21378	7.387239	9.96359
13.040378	3.37282	4.602048	1.983676	4.788076	2.607287	3.456128	9.535179	3.0	8.569757	7.143733	9.183346	15.248676	13.468894
6.190399	8.051241	2.976053	6.642447	11.496019	7.304728	8.112017	9.13247	3.0	16.191049	0.867805	4.796972	11.099132	4.139669
4.763868	1.896733	10.436408	10.372671	5.416196	10.039947	7.796985	6.288564	3.0	3.675198	7.292449	11.445106	7.011816	10.56406
7.314137	1.217513	14.655121	8.807053	8.367916	3.550388	2.351055	10.667847	4.0	12.113788	12.202508	3.852247	9.872682	1.027745
9.447561	10.795434	9.64545	2.160503	3.099821	10.667189	11.787535	11.209628	4.0	10.516624	7.158516	7.318337	1.721261	0.472141
8.790731	0.026863	14.987442	4.596466	2.673151	10.398468	6.717843	0.889517	4.0	13.074449	12.992424	7.322957	4.174248	9.35544
3.781701	9.525585	5.970372	6.335898	11.408699	13.384741	4.451207	0.070418	4.0	7.132907	9.420533	13.879336	8.89012	1.748484
7.934205	13.564535	1.916302	8.281217	13.67926	9.356092	7.071498	0.099974	4.0	1.80921	5.164157	11.296562	12.075809	3.75118
13.443624	6.174508	14.324632	2.645788	8.838358	0.416342	3.65789	12.524322	5.0	11.02596	2.726637	2.231003	14.003528	2.987407
6.629857	6.735343	4.003053	11.842636	9.269221	12.912537	5.191875	12.590109	5.0	0.543885	4.021964	13.459499	5.776879	2.023139
5.981745	8.966768	6.438786	10.624541	10.43065	1.866284	6.732053	5.423924	5.0	9.824329	10.216301	3.757423	8.67066	6.066537
7.75732	10.207183	5.590844	12.701343	9.246706	1.134861	5.361811	8.995511	5.0	1.250273	3.875639	7.131419	8.627666	13.119423
8.183375	7.473288	0.620292	14.287805	14.114523	4.148809	4.484484	6.715867	5.0	13.230844	8.78318	1.067253	8.030531	3.859749
11.518229	0.675524	2.648156	17.108068	17.035725	4.954018	0.593256	2.636331	6.0	2.972027	2.210305	8.188795	11.419937	12.039629
2.458383	10.404075	4.444916	7.965779	2.980535	10.201074	7.105309	8.319595	6.0	11.58301	4.258677	3.885111	10.913119	9.480416
0.980124	12.87997	12.141164	2.983899	15.488244	1.128855	3.046671	5.191993	6.0	4.239718	14.962876	1.92861	13.896068	5.131808
5.551118	10.05384	8.552259	7.46459	6.884618	5.73732	9.214506	1.666931	6.0	0.365294	10.127683	7.528405	12.012692	8.840744
1.237034	17.441231	4.373549	17.094043	3.517198	7.673401	5.862893	3.44463	6.0	6.265703	1.430133	4.592941	8.925205	12.142039
1.797494	11.493759	12.56478	7.221273	12.169318	5.208806	2.4843	1.186914	7.0	6.434944	3.60408	13.193695	4.537845	11.102792
8.840275	5.311602	9.782768	7.283655	7.453404	6.42223	9.079448	3.131183	7.0	12.022314	5.762403	9.998321	5.533561	2.378836
8.878266	5.980768	9.354046	9.062336	5.757416	4.702285	11.470387	7.531889	7.0	12.56864	2.061158	2.563442	1.171896	11.89747
4.686587	7.023927	2.469189	6.39712	2.251796	10.400312	13.831732	9.614043	7.0	4.646523	11.65051	13.081097	2.568447	4.378717
2.152615	6.13333	2.634888	3.011754	10.795313	7.388058	0.515207	1.237144	7.0	15.29367	14.198007	4.812169	14.8226	10.005247
2.383687	11.098647	4.189907	2.606348	5.869973	9.178389	7.743432	11.887769	8.0	5.525727	6.290594	2.273384	10.097778	12.854364
9.708838	7.223815	10.44776	2.877686	8.773289	3.575189	6.63292	2.386761	8.0	11.410959	5.022767	11.72151	11.440003	0.778502
9.168587	11.29611	7.348755	3.726523	2.914502	4.805388	6.69203	0.4161	8.0	13.06385	10.983094	0.341209	10.853758	10.390094
1.07946	12.814267	14.258558	4.931364	8.890607	4.342675	4.037789	8.891346	8.0	11.106024	10.849581	2.773173	7.751637	0.27352
17.380785	19.074963	3.353901	1.660346	4.637726	6.942814	0.853916	5.219745	8.0	6.796029	1.17775	10.88956	4.572464	9.440002
2.823384	2.191773	8.432483	3.961743	9.28085	6.853941	11.972812	7.818019	9.0	7.865672	8.136499	8.770058	7.379811	5.512955
11.778637	1.718231	0.625172	6.407366	11.101652	1.28508	10.654489	1.980051	9.0	8.786783	2.646024	11.232533	14.45899	8.324992
2.236501	1.303836	6.60831	2.918934	10.57597	0.996788	3.376232	12.782732	9.0	15.962482	5.959325	12.082125	4.263225	11.93354
3.332462	16.780427	9.785336	16.235183	9.139735	4.443021	0.520172	8.874165	9.0	10.107061	4.073087	3.491585	1.741165	2.476602
5.316518	7.044673	4.364714	0.155239	12.553419	1.367539	11.728203	11.090407	9.0	13.978996	10.444233	7.662822	3.818779	1.474456
4.345137	11.214058	9.620947	4.24898	8.630092	0.470219	9.547606	5.72629	10.0	5.031984	1.171532	9.446896	11.565339	8.980922
2.274768	10.067357	1.370937	1.790683	10.599105	12.040239	4.299116	1.37359	10.0	8.375988	3.660022	14.914282	10.67919	8.554723
13.301358	7.134666	6.464195	2.635356	8.149604	14.619215	5.546876	0.798072	10.0	9.972797	3.802873	8.140899	2.805323	6.628767
0.498174	11.408063	6.360396	8.523028	7.547796	1.343619	11.537689	1.770029	10.0	3.392406	14.112165	10.169453	7.669322	5.66786
1.979249	0.093863	0.456731	2.5511	9.099044	10.400573	3.849496	10.654946	10.0	12.478412	13.927784	9.209118	10.460201	4.839483
7.865085	1.864347	7.491997	6.090195	12.146468	8.578088	12.243083	2.096454	4.631704	1.0	7.62	11.618948	12.611113	4.14252
1.188155	12.201862	3.160314	5.888149	13.282021	3.554804	10.326032	11.17143	12.080198	1.0	2.671192	3.643667	13.915548	5.916629
0.758118	6.43769	5.124206	13.245925	6.165189	10.008714	12.600163	4.21888	8.02057	1.0	13.175387	3.267927	1.55772	14.419511
8.334288	8.4544	11.811195	12.193497	11.884443	9.078062	11.358457	3.271088	8.61376	1.0	0.725705	9.397993	1.012456	2.864657
11.253954	7.560963	5.878324	10.826868	11.163119	6.68866	10.292319	0.69159	2.64812	1.0	4.567183	10.017648	9.504475	7.906777
10.871582	9.902478	7.315715	5.288245	6.27897	11.922812	4.763207	12.070901	9.08521	2.0	7.587243	4.690412	3.319523	4.903702
7.86747	14.198193	7.020972	5.296119	2.339507	7.881934	4.323034	2.270768	14.532111	2.0	5.366284	9.810193	9.974782	7.118633
0.037564	2.692203	8.804417	14.275669	15.070595	3.950982	10.518163	9.070735	12.74548	2.0	7.160644	2.85472	7.920671	2.898157
5.200308	2.689002	0.518005	10.201855	11.234016	11.142269	7.278159	6.357849	7.32715	2.0	2.970348	4.599841	20.062148	8.419048
7.735989	13.059981	10.459761	0.374858	8.255848	7.287258	11.914753	3.338077	9.334666	2.0	2.342017	2.449291	10.498904	10.948596
0.890122	1.335901	5.118337	5.263397	14.677847	15.816221	16.242889	8.822222	6.410744	3.0	8.70437	2.534087	4.892741	6.291122
4.570674	8.035101	6.618563	11.824199	4.542121	10.95962	11.703765	10.522742	7.435662	3.0	7.484585	1.617944	9.61597	2.069053
9.098042	7.316947	5.686212	2.406185	12.593773	1.945215	8.290697	9.968882	7.99661	3.0	10.580639	6.213762	12.166984	2.736051
1.652806	0.287356	2.394973	1.923641	18.734066	8.291598	10.265691	5.106952	13.675492	3.0	5.022913	9.062821	10.246044	10.335647
6.839383	4.137738	3.838604	7.529319	9.506721	7.154359	6.235102	11.23425	3.009452	3.0	13.25727	0.391347	9.715727	14.150727
4.867499	0.642502	13.952329	1.2228	11.083644	1.184166	2.478664	11.321107	13.348087	4.0	2.649014	4.355481	15.0708	13.823908
2.100033	15.365345	14.096809	4.616968	8.708152	11.294428	1.154322	16.161159	3.672546	4.0	5.902271	3.033201	5.148813	4.745954
8.260307	13.216148	1.228856	6.817623	8.44499	1.979002	12.437773	11.190383	1.970834	4.0	12.068693	8.513032	2.397779	7.474578
10.878841	3.964355	7.799391	11.947725	1.956286	11.573735	6.858622	6.603438	9.339613	4.0	4.723742	11.199099	5.962716	3.192437
8.024792	9.278168	12.524649	0.697616	3.417897	10.126497	2.679991	11.90672	7.870602	4.0	14.234746	12.966801	2.103715	0.167805
1.223022	12.514326	3.160428	7.821091	7.310598	10.374971	8.31955	3.586989	7.314907	5.0	13.205915	3.464481	13.608798	3.094923
8.364454	3.229952	7.723122	5.084964	5.437421	9.91322	9.61441	6.50582	6.901323	5.0	1.067444	11.457512	11.98851	7.711848
3.820767	8.107499	7.365185	7.325405	6.800377	8.604948	9.304546	8.370555	2.329959	5.0	10.722725	5.281531	6.34787	10.618633
3.485192	8.735295	10.124611	11.58341	12.045664	8.759107	12.140695	6.48383	4.932881	5.0	9.393124	0.180702	4.327978	2.807511
8.178062	8.286416	8.782879	7.43685	13.75664	12.797721	8.001938	1.912709	5.371333	5.0	4.637971	0.618121	3.090841	12.128519
9.507759	8.966643	0.21875	11.450542	2.405176	1.356591	11.783342	5.459131	10.271824	6.0	8.599834	5.556415	9.711743	8.712251
4.783224	7.169564	6.786687	12.105373	6.261268	12.345731	12.862215	7.467102	0.260208	6.0	4.842414	12.167992	2.216693	4.73153
7.560466	10.16265	10.323807	10.912154	11.639943	11.35075	3.641916	4.537169	4.595155	6.0	2.515645	6.054844	3.430766	7.274733
0.080739	10.183738	4.830049	10.571157	3.613833	7.355525	8.083076	5.034018	7.259026	6.0	9.060093	10.149215	8.396865	9.382667
2.258992	12.941144	7.594905	6.326674	8.459061	8.947917	0.779937	13.365803	7.90437	6.0	5.681829	10.464167	1.597638	7.677562
9.279435	10.068565	3.412534	13.759315	7.356468	12.937056	5.283738	2.550227	5.037227	7.0	5.998844	0.181213	12.996419	4.138957
10.675789	2.42448	4.851174	10.18296	6.411409	6.250252	12.014655	12.14516	9.699004	7.0	5.592631	8.455813	2.776729	1.519943
6.264042	3.815852	10.96637	7.789941	7.285246	0.23145	8.507379	5.995348	14.492366	7.0	9.805518	4.101249	5.841839	7.9034
1.168647	5.174949	7.610171	10.854807	12.77894	8.202138	1.293129	9.139222	0.626921	7.0	4.165523	3.321217	11.694846	16.969491
10.295	1.406651	10.226679	0.673732	4.382142	9.155226	9.557156	11.586777	8.440675	7.0	1.592833	10.27267	7.288505	8.121954
9.381241	2.569641	6.567774	12.840784	1.685916	10.878343	4.532648	12.649041	10.981783	8.0	5.906932	0.366954	2.545889	11.093054
3.260595	13.947167	9.941129	11.349623	13.395817	3.368568	3.931654	12.052336	10.60703	8.0	1.68839	0.377275	1.170518	6.909896
1.97063	0.225515	11.687526	9.410297	9.908398	4.442749	3.854941	8.704124	9.35163	8.0	15.989118	7.611026	1.743343	7.100702
2.395647	9.749518	3.750204	6.795263	11.905998	10.124703	4.283385	0.705625	11.148731	8.0	8.4625	8.671347	4.760037	9.247041
12.747653	6.640054	1.645573	6.026678	0.778141	3.364304	6.753733	6.665635	3.065884	8.0	11.633429	19.145442	5.517083	8.016392
12.203411	14.040797	1.267704	8.113667	13.927009	6.057929	6.787755	4.07904	3.155164	9.0	6.050371	2.193508	6.015426	7.108218
1.597471	7.127527	8.964291	8.21865	9.133445	4.745038	7.382133	5.230028	8.589129	9.0	8.078108	9.603527	6.400881	5.929772
1.300644	14.377606	16.192427	1.844518	15.480532	3.196582	5.346699	2.501155	8.555165	9.0	0.442882	3.663186	15.482937	2.615666
2.506459	15.073497	9.21791	7.731752	10.132008	14.324559	0.736015	6.825617	2.509814	9.0	10.986455	1.10377	0.788921	9.063224
4.685577	10.339037	7.64255	7.329175	2.355878	9.644267	9.761921	3.875494	10.270701	9.0	3.756812	7.355794	8.604173	5.378622
2.508016	6.480625	10.364682	1.679273	3.116987	13.214132	6.793962	5.38013	11.033749	10.0	6.574772	11.835685	2.466197	8.551789
5.344317	2.896929	8.750082	5.399204	9.27673	6.455066	5.836871	9.504442	5.553704	10.0	9.167648	8.054987	7.620371	6.139649
4.449957	13.836073	2.542183	4.974287	0.993094	12.041885	6.166724	6.391942	10.989485	10.0	3.802141	6.677309	3.562032	13.572888
4.044123	2.976996	7.93926	8.445857	4.709447	7.455976	9.406322	11.933361	10.814327	10.0	5.443429	1.496183	5.210189	10.124529
6.269945	9.103421	10.272942	7.503166	12.301711	1.936701	3.123649	7.627051	7.273753	10.0	1.414177	5.815888	14.300139	3.057459
8.332368	2.587124	7.971363	0.150214	15.589022	5.136072	10.654373	4.365649	11.586901	7.905676	1.0	9.443376	4.210257	11.067608
12.629959	8.870318	0.235755	5.485047	6.432691	4.309284	5.096948	11.107658	13.549993	6.59502	1.0	10.219046	11.833706	2.634576
8.996093	2.228842	9.488853	12.177284	13.948825	5.000873	9.511825	5.388935	2.029762	6.654934	1.0	2.575404	11.25412	9.744249
0.354512	7.033592	5.469667	3.298302	9.359022	6.92868	11.400923	3.486812	7.041524	9.958972	1.0	11.080248	11.796807	11.79094
10.459078	0.101452	12.23023	10.545098	11.261279	10.8182	10.051347	9.044326	8.649614	4.703411	1.0	5.124853	0.58011	5.431001
11.015113	7.254573	10.592481	0.000689	7.304213	2.291231	4.677455	9.595535	3.954929	12.599098	2.0	11.903763	11.635209	5.175711
13.563451	1.867194	6.228639	11.867942	2.938147	12.171931	13.074966	6.552584	1.107486	12.713225	2.0	6.382221	5.460154	4.072059
6.851629	4.102988	12.25915	1.295562	18.304391	6.638602	1.140702	4.22654	3.767796	16.002898	2.0	8.348843	7.33802	7.722879
9.111043	2.262486	2.905568	8.881075	0.400607	12.85107	9.848298	5.290499	12.793745	9.020698	2.0	1.305644	11.308824	12.020444
11.182385	5.312721	14.137939	5.115416	17.160114	14.347735	4.487357	2.054436	1.0261	3.766567	2.0	13.945963	0.363285	5.099981
9.917773	7.161595	6.302226	11.75334	6.511041	10.605671	11.014682	7.333477	3.090411	6.278396	3.0	3.245521	1.580644	12.205223
3.637656	11.900306	14.763814	3.815997	0.679186	3.262977	1.817231	7.877124	15.11288	7.846164	3.0	12.914214	3.593441	9.779009
5.159432	3.87334	11.082637	19.108449	3.691987	12.138914	4.744077	1.600518	3.249209	7.570281	3.0	2.026581	4.529391	18.225184
10.374163	11.500187	7.446681	3.052814	10.157982	10.858805	7.601	8.546135	5.587604	7.386636	3.0	8.127322	0.037018	6.323654
11.870777	8.296737	13.4505	6.440207	4.976961	9.619351	5.099953	3.052906	11.021438	9.627957	3.0	1.833096	10.768418	0.941699
6.319587	15.06108	12.754587	0.22452	7.547856	3.902026	12.556722	3.500589	6.85866	7.32703	4.0	3.464022	8.861602	7.621718
4.181654	4.84539	12.388636	11.326824	9.590329	6.093586	12.082962	5.339809	1.960535	7.548127	4.0	3.731976	3.485828	13.424342
9.255134	5.980471	3.665375	0.72565	8.055645	8.543682	5.691554	0.635625	8.63151	12.684843	4.0	7.918961	9.552967	14.658583
3.632143	13.029668	1.652026	11.903984	8.739505	2.332683	9.480951	5.343195	15.805666	12.849717	4.0	0.800251	3.030835	7.399376
3.211968	5.842821	12.888441	2.456089	7.030063	3.708542	7.17398	4.798116	11.332107	10.995109	4.0	11.755806	12.976242	1.830716
6.629312	3.231697	5.346216	6.830541	5.030973	3.369699	12.910136	6.960329	13.63839	2.759933	5.0	12.326945	12.791352	3.174477
1.127224	9.036607	12.218181	8.485325	7.250126	4.346444	5.133064	2.732561	13.411895	10.712414	5.0	6.417754	13.521594	0.606809
4.525289	8.890306	10.873059	3.389463	4.346509	12.147464	5.60433	10.956196	6.646145	10.25519	5.0	1.442515	13.896056	2.027479
4.854738	2.811142	0.255511	12.996829	2.776803	14.506428	2.362712	5.843675	10.179322	2.035937	5.0	9.838502	14.145024	12.393377
7.746768	6.963182	2.61217	7.295533	7.839712	8.555043	7.123336	11.309053	4.257919	6.965536	5.0	9.403509	9.062677	5.865561
4.673257	12.204559	5.04873	0.068398	5.865647	8.60446	7.972611	8.047914	10.408307	6.83936	6.0	3.257651	9.825674	11.183431
4.165921	9.721966	8.017493	3.895087	2.567301	17.908919	8.694682	5.237891	0.966738	11.567937	6.0	2.807952	2.228971	16.219143
4.768864	8.679088	5.142712	8.678989	10.930535	1.208835	9.904889	7.463626	7.013157	8.275283	6.0	7.879182	11.033109	3.021731
12.345863	14.091334	4.123866	4.294014	2.626491	1.732026	3.757252	5.14133	15.207166	13.520411	6.0	7.451677	4.61753	5.09104
5.11482	9.832254	1.693615	4.681829	4.713459	2.674042	10.592595	9.023752	6.388667	13.676175	6.0	3.96854	7.443953	14.196299
3.304213	10.672715	3.716	7.973238	2.957029	10.063734	5.689929	7.9426	13.00426	7.224976	7.0	1.287626	13.683576	5.480104
0.504915	5.879135	7.241257	2.420611	2.896307	13.68874	1.432197	13.787874	10.215916	3.778166	7.0	8.054252	9.408312	13.692318
9.163313	4.500785	1.324915	2.220788	13.059496	12.044389	8.771591	7.828985	2.519667	10.177711	7.0	11.824548	3.043724	6.520089
11.766662	4.739101	11.070237	9.740054	8.175965	5.47626	2.796907	8.578122	7.508317	9.902565	7.0	7.166798	1.894836	4.184177
4.277386	12.990547	2.190834	2.858223	12.733158	12.47539	11.743624	13.618118	0.561761	2.773999	7.0	2.789158	13.490098	0.497703
7.549947	12.586583	2.857356	6.379124	4.246258	6.985702	8.036752	12.651915	7.778444	5.823226	8.0	8.221589	6.960823	1.92228
6.786047	8.584249	8.426949	4.926317	10.748556	11.768855	2.6667	5.622574	3.239029	7.094282	8.0	3.543891	11.036151	7.5564
0.963073	6.970963	12.553271	6.15478	8.976959	6.558787	14.647948	6.450187	0.978091	7.101603	8.0	3.226027	4.350236	13.068076
3.452834	9.086921	12.900714	12.346427	3.553863	2.759829	4.456593	8.012185	12.137486	5.590776	8.0	5.077394	4.544729	8.080249
11.213119	5.517493	4.452006	3.8832	1.078606	1.179227	5.805978	1.443145	14.449131	7.626706	8.0	12.585432	15.22774	7.538217
3.657458	7.374564	13.278989	0.482134	10.074255	5.75143	10.755512	6.723559	5.035409	0.017607	9.0	11.026962	5.380592	11.441529
10.540792	7.472337	11.825589	2.703594	10.759615	9.735651	9.14592	12.805981	0.889923	0.949201	9.0	5.903848	3.109293	5.158259
3.10279	0.003689	10.272456	3.950975	4.793002	9.578212	8.914096	2.4044	6.952416	12.5397	9.0	13.187292	3.024324	12.276647
8.765572	10.123203	0.334146	8.659698	8.064304	10.026995	12.934272	0.433003	0.597758	12.922694	9.0	9.527956	8.193664	0.416735
9.462822	2.607291	2.574732	7.149516	4.801957	8.164096	3.02748	5.800577	13.890218	10.965844	9.0	10.926215	5.893383	5.73587
6.771443	7.428537	5.517977	8.321234	7.889085	7.623889	6.149804	8.377175	8.292203	5.560034	10.0	8.304696	2.352397	7.411526
0.488553	10.782829	1.606406	4.764507	4.558705	0.145528	9.608379	6.30143	9.84602	7.074942	10.0	12.455894	10.932875	11.433931
0.224774	2.562391	2.042452	6.931499	7.586989	10.624168	14.245167	12.533359	11.096117	7.070369	10.0	4.755181	3.375826	6.951708
14.23134	3.455015	3.618794	1.393866	7.995764	2.607647	0.01074	5.738949	3.29311	10.063269	10.0	13.585226	14.885627	9.120652
10.773562	5.869559	11.75941	3.371556	7.344682	8.141387	5.31828	7.186291	11.171032	0.846145	10.0	4.098325	7.36762	6.75215
10.694588	2.161882	11.798426	11.837147	10.073721	0.345689	12.456213	5.773895	11.89555	6.765306	5.055053	1.0	4.033507	6.109022
1.686097	14.379669	1.231621	4.160418	12.088547	1.277767	0.668271	10.665746	8.579417	11.014936	14.177784	1.0	14.388451	4.681275
10.211147	0.155488	6.055354	4.959877	2.793962	14.908374	11.778879	13.406443	8.537658	5.248395	8.012748	1.0	5.056958	7.874718
7.476242	4.536628	3.269434	6.903793	10.561674	9.130584	0.977611	9.230048	14.370297	7.902082	13.992699	1.0	10.402344	0.246565
7.674903	7.824928	8.136225	9.587278	9.663349	6.512002	8.096225	9.326381	5.989904	1.73791	7.117976	1.0	7.928915	9.404003
1.094069	9.480525	15.071769	6.869585	6.137385	0.000384	15.834545	1.222545	6.744995	6.787726	13.479849	2.0	12.534222	2.742401
4.341185	4.290762	14.161176	6.61696	3.646037	8.476169	1.486477	13.204897	12.104626	14.117033	7.092024	2.0	1.448334	7.014321
6.168712	14.59481	4.769854	16.728715	13.921338	4.449555	1.833527	1.722077	7.370269	2.07085	4.440831	2.0	6.418175	13.511287
10.440408	10.438168	3.567635	5.507498	10.703048	10.171557	0.444647	10.533578	10.873749	6.637529	8.548326	2.0	6.596002	3.537855
9.185392	4.068235	0.381511	6.640645	8.122461	8.557469	3.082102	6.569018	16.690896	0.34106	3.038476	2.0	15.022818	16.299916
3.13658	5.269841	8.576774	4.389371	1.482156	18.014304	0.26358	10.016441	0.944448	14.039022	5.425967	3.0	12.957216	12.484298
9.147469	12.740019	6.972115	2.138023	1.168765	4.921713	0.988216	2.972195	12.419646	7.533939	14.830456	3.0	10.820972	10.346472
5.111559	13.641833	13.464918	9.372391	1.050199	2.35148	2.889857	3.098506	12.108263	9.805663	5.928262	3.0	6.195305	11.981765
4.555233	7.634121	2.18178	9.400866	9.174717	12.780027	3.76617	0.807742	0.883813	11.773114	11.572594	3.0	10.310593	12.15923
0.475056	8.813678	0.258157	5.832653	18.047581	5.46287	15.010092	5.420594	6.130855	14.066277	14.73868	3.0	2.606001	0.137508
13.160325	0.11603	0.050138	10.077181	6.617623	14.000347	8.265418	8.93974	8.262184	2.005016	14.748593	4.0	4.898964	4.858441
14.805757	9.297421	8.410288	0.771668	7.20481	3.863091	7.457524	3.154989	2.13196	6.691029	10.122136	4.0	11.904191	10.185135
13.665903	3.114382	5.06051	0.222354	8.569944	1.044872	5.427404	12.738389	13.796207	6.162996	13.535017	4.0	7.156938	5.505083
6.323871	7.518872	5.721842	3.946035	5.445116	3.659582	11.53365	11.32869	11.418479	8.132414	10.069558	4.0	2.561243	8.340648
10.575766	4.399497	8.73886	4.630933	5.599916	14.093292	0.460079	1.00966	10.358889	6.345204	14.249049	4.0	7.070481	8.468376
9.082074	2.410692	7.248863	8.533283	11.377411	4.679605	11.789916	2.355047	7.1289	11.84128	3.537903	5.0	4.944156	10.070871
0.916355	11.270277	3.374856	9.359967	3.263691	4.498791	9.603843	7.541184	4.159861	9.681977	11.246422	5.0	11.596246	8.486531
0.352522	18.131922	1.474445	0.38391	13.751307	5.689291	2.621273	11.670873	8.480703	2.712915	18.345996	5.0	0.234068	11.150775
3.477926	0.990241	1.727761	9.813581	7.348792	13.726786	0.936185	6.844146	8.549472	16.492875	9.012613	5.0	9.151962	6.927659
10.702937	2.515834	9.474231	13.419829	13.576371	10.634538	2.720288	7.724022	2.829022	0.154851	11.694294	5.0	6.781943	2.771838
6.161619	0.944681	15.622085	10.374324	1.193329	7.408905	1.384899	11.224162	20.044462	7.508825	2.504048	6.0	7.153726	2.474934
2.062025	10.603864	1.750805	3.329511	5.468696	8.627492	10.668225	6.625382	16.303001	3.886198	11.584741	6.0	2.942318	10.147742
6.409616	9.362549	3.254595	8.388772	1.675028	1.140346	9.055498	0.632181	8.941207	11.588706	12.777334	6.0	9.143527	11.630642
8.550715	5.237624	7.737125	4.5674	7.844148	2.399255	8.835403	3.496404	5.446968	11.848804	14.11875	6.0	6.810813	7.106592
4.128966	6.18572	1.7448	10.090686	11.826723	21.090319	4.644276	7.214925	7.323364	3.887289	5.247439	6.0	1.632175	8.983318
9.713418	7.951048	9.438408	8.011055	9.714491	9.846878	0.182645	4.627917	6.400185	10.341143	1.066105	7.0	7.480905	8.225802
5.407184	3.49871	9.715718	3.464571	12.129153	12.926163	10.156473	7.422216	4.606058	11.92189	2.67694	7.0	6.566151	2.508774
10.294363	3.091953	1.678949	12.43713	5.334988	9.798369	11.173638	8.792212	0.942088	6.016635	2.913295	7.0	7.206114	13.320267
12.62863	19.934602	19.598316	7.425189	0.580068	3.220201	1.558484	0.3696	20.333644	1.205545	3.386227	7.0	0.880448	1.879047
9.277902	8.9944	4.117961	9.70024	2.502906	13.245523	10.824575	0.580057	15.530832	8.181947	3.563316	7.0	0.656787	5.823555
11.193319	1.73969	1.633896	14.467865	10.848206	12.596291	10.040365	9.850193	2.867486	10.427729	3.64683	8.0	1.535169	1.15296
6.688591	5.97488	7.475011	9.042784	11.449357	3.991916	8.905509	9.179196	11.233433	1.556227	2.921653	8.0	13.080895	0.500548
11.901404	7.257268	10.635812	3.242529	0.911491	9.416865	10.126777	1.600021	9.972114	7.819925	0.124928	8.0	10.504563	8.486302
9.202823	3.721011	5.546477	11.730709	9.136831	8.108177	9.04044	1.049728	4.645269	6.848372	8.04573	8.0	7.768465	7.155968
5.071768	1.201304	12.201994	10.649396	10.294227	11.553937	2.290178	2.055178	6.881868	1.368787	9.773146	8.0	7.414314	11.243903
9.850887	12.890286	11.722693	5.430475	10.14924	5.553254	0.431661	12.582538	9.553505	3.396897	2.755247	9.0	2.232424	4.450893
4.330006	12.848377	13.882449	6.629783	4.845192	0.521792	3.669306	6.580749	7.154249	14.232632	1.335798	9.0	7.843299	7.126367
0.99239	5.877006	3.254523	8.371909	1.492576	11.887613	8.005141	9.897133	2.780276	15.469018	16.47703	9.0	3.512042	2.983343
5.37008	8.211474	1.34073	11.940749	13.739533	8.429008	5.293799	2.224563	1.633419	9.723671	5.124276	9.0	17.021041	0.947656
6.481803	1.791809	1.413749	6.16511	3.519135	13.065081	11.180911	8.44036	12.677609	2.285359	6.05848	9.0	7.917724	10.002871
5.139629	1.262801	7.238036	13.196757	4.118599	12.503194	2.546246	6.204259	1.715851	7.748935	7.13151	10.0	13.815294	7.378889
2.199282	12.639036	13.737206	1.667725	3.798842	13.224017	1.264734	4.069319	8.400831	13.623648	8.147759	10.0	4.201999	3.025601
0.457323	9.452231	12.536627	5.943612	3.96284	1.537216	8.847331	9.997375	7.817139	12.848092	5.355006	10.0	1.687479	9.557729
13.89699	13.733292	13.141705	1.878941	1.353593	7.279641	8.050747	0.766996	3.395979	10.324537	3.762319	10.0	1.125765	11.289495
2.456585	3.879177	6.905622	5.075282	7.279775	0.774893	12.758919	4.926146	11.321148	5.28485	11.101011	10.0	8.909347	9.327245
13.111404	16.361592	6.476897	3.414945	3.8194	12.900016	15.975293	7.818917	0.180761	8.32773	1.221361	5.763115	1.0	3.62857
11.989154	10.950286	17.677379	11.477251	0.565857	8.46948	0.607593	4.562504	5.452185	1.19806	10.997955	4.906373	1.0	10.145922
6.771591	3.108132	6.026229	5.259157	2.594952	10.914054	9.050014	10.505983	0.962915	4.502121	14.90868	6.686249	1.0	17.709924
1.962143	0.596329	6.864345	2.027619	14.954801	10.427274	12.941203	2.536066	10.735354	8.543902	5.502691	10.815473	1.0	11.092798
11.047916	1.868056	3.966341	8.046739	0.718429	2.701628	3.858183	4.213742	6.218845	19.641263	16.609403	18.016218	1.0	2.093235
9.713757	17.592636	6.315311	8.906206	6.549229	12.534634	2.494559	5.157978	9.65015	1.432829	3.403199	12.211274	2.0	2.038239
9.076424	4.718753	6.532117	13.142762	5.147022	9.019355	14.566753	5.346674	2.724649	13.584411	0.940165	8.468916	2.0	4.732
10.095582	11.654875	7.18227	13.163347	6.999392	2.222812	9.587484	7.339501	12.372833	1.695845	0.253782	4.775716	2.0	10.656558
4.148522	6.093356	10.641749	6.382095	11.111189	10.764224	9.161626	6.755749	6.144963	1.695152	11.035677	4.451947	2.0	9.613752
12.445064	7.980239	7.135569	9.005274	0.421752	10.802422	1.294696	12.533979	5.319208	12.604855	7.717766	5.042356	2.0	5.69682
12.393337	6.481228	10.48079	5.950959	5.167532	9.830392	6.878866	11.063519	9.200228	3.406614	1.892508	3.115018	3.0	11.139011
2.649647	2.211039	7.785879	7.895316	6.375747	4.791679	10.963915	9.782396	9.959344	9.51753	10.112716	4.983185	3.0	9.971608
2.489761	1.40552	5.256057	1.12522	11.994451	14.079028	0.963	14.016612	9.42435	7.787856	14.54089	1.647005	3.0	12.270252
4.957448	2.486755	9.873997	14.29401	0.53962	2.444551	16.130289	6.461612	3.189332	6.646461	7.791267	13.115076	3.0	9.069582
18.233735	0.706194	0.633954	0.902181	6.785051	8.403333	0.961316	18.900261	4.204013	10.645358	1.445748	18.110811	3.0	7.068044
8.05605	5.59151	1.124951	4.021216	9.64594	11.355836	9.913635	0.376575	14.872816	8.273571	1.544803	5.019414	4.0	16.203683
0.589667	8.549657	10.247977	5.394457	12.772728	9.118365	3.193592	5.32994	7.249695	12.473351	4.379689	10.136126	4.0	6.564754
5.422628	9.675678	7.348819	4.157118	5.308439	7.001781	4.322862	6.318945	10.024591	11.099186	5.94982	11.500108	4.0	7.870026
13.618358	6.210683	7.955092	0.575036	5.892211	3.627284	15.205088	8.664919	0.529529	6.737372	15.038024	2.961504	4.0	8.9849
5.953356	1.460839	7.993647	6.772077	10.465278	2.793007	4.094663	11.975129	3.279326	11.461081	6.630027	9.618062	4.0	13.503507
11.876478	12.608508	2.263333	7.274244	9.661214	1.001045	5.303247	12.718575	10.07919	4.798586	5.568572	9.175338	5.0	2.671671
7.650859	10.725045	9.517665	9.793356	2.330166	10.937889	6.40741	2.936683	12.007944	5.543743	9.202	1.997847	5.0	5.949394
4.966541	16.887178	7.58452	2.531483	3.4699	2.65555	6.20856	7.563115	15.572285	1.312046	7.381317	3.892329	5.0	14.975176
12.673995	4.968704	13.919135	13.911887	1.822827	14.131134	5.630699	5.697258	4.438995	2.164578	6.162704	8.626169	5.0	0.851916
0.685315	8.25926	3.81189	9.143458	0.76992	9.891953	5.697618	7.279191	9.779979	9.667935	11.04653	10.243405	5.0	8.723546
4.989675	3.522755	7.627934	7.409684	8.321556	11.370845	2.207879	8.18851	6.699187	5.272664	12.642198	11.737253	6.0	4.009859
2.154798	4.132972	0.246146	12.010176	11.288292	9.861913	12.164922	0.642753	2.862672	11.602941	8.523175	10.750235	6.0	7.759004
4.961075	3.864711	12.263494	0.781957	7.437655	10.145673	3.786983	3.101396	10.198953	13.094361	9.391826	10.097362	6.0	4.874552
9.660426	5.629643	13.554462	11.779928	1.262384	4.530227	8.727536	2.745419	6.923041	2.408214	0.376066	12.162617	6.0	14.240037
4.785547	7.294886	2.313305	11.357676	2.59782	13.325231	11.988329	4.509011	8.762056	8.696865	2.929439	12.718997	6.0	2.720836
4.174825	8.149917	11.175058	12.659201	8.229835	14.083472	5.483028	11.033374	1.205912	3.318183	4.299051	4.909952	7.0	4.27819
9.142511	9.92242	7.13861	8.930127	10.551827	2.525437	10.043678	6.86834	4.820788	2.010248	12.444541	4.732647	7.0	3.868826
8.880721	8.440208	9.831942	8.857738	0.27053	9.553359	10.946577	11.766323	1.082538	6.429741	4.983192	9.859053	7.0	2.098079
3.733305	6.495899	5.757979	3.353076	4.590474	5.458492	11.321707	7.649394	9.127536	8.546971	12.014075	5.586835	7.0	9.364255
2.212912	3.065166	8.251729	1.721706	10.598503	11.374412	12.4267	9.644627	2.300407	10.560662	12.40538	2.736478	7.0	5.701317
4.794916	10.253597	2.623706	11.322046	9.161197	10.281153	1.238573	13.314727	7.175172	1.615573	8.072486	8.821408	8.0	3.325444
9.730432	3.21076	3.199696	7.727221	10.055446	2.042853	14.33802	7.491381	0.041868	9.668542	5.937193	4.732571	8.0	13.824019
0.956286	5.072186	15.3031	5.706664	1.850945	1.922806	1.61184	19.113003	8.498837	7.690413	11.498209	7.475756	8.0	5.299954
6.585543	3.386179	5.740765	13.861833	6.806795	8.915306	4.80667	13.823587	1.595275	10.112721	8.055793	3.970429	8.0	4.339104
0.323168	4.220066	7.149904	4.727385	8.164021	11.300736	9.242068	0.717854	12.582764	5.169375	10.626213	6.342209	8.0	11.434237
9.520366	11.071198	5.386539	0.754315	1.402526	11.036987	1.127078	6.092751	6.243023	0.762811	11.776557	12.881259	9.0	12.944591
1.229867	11.814134	10.331685	2.546694	7.677	4.819039	1.884089	1.643561	10.955939	7.077097	14.948379	1.074542	9.0	14.997973
9.048625	5.488229	9.606844	4.403902	7.95329	4.773759	2.700781	4.487491	8.896178	8.861842	10.081882	9.961756	9.0	4.735423
11.635652	8.352978	9.426605	4.271148	1.869039	10.933426	8.070902	10.831317	7.753432	2.405316	2.745277	0.152326	9.0	12.552583
9.698679	8.713585	6.422879	1.824977	0.595267	12.614087	12.591332	1.545571	0.849573	6.639788	6.306046	11.608569	9.0	11.589648
12.598148	5.303283	6.408479	7.531669	0.882625	9.03629	10.676572	5.246639	2.379081	13.440211	7.576014	8.582136	10.0	0.338852
4.340052	0.594423	12.631237	2.550693	9.876642	8.668761	6.533817	0.238175	10.715713	13.115056	11.961257	5.953953	10.0	2.82022
2.182802	4.782651	9.211101	7.000446	6.723573	7.660001	6.966975	12.887542	0.845032	6.355932	9.445975	13.772871	10.0	2.1651
10.822606	5.941361	7.21193	11.130349	5.06623	10.067237	0.676001	7.570868	1.225455	12.075815	5.692587	6.746626	10.0	5.772936
5.101515	5.732306	7.722302	13.355059	0.962763	13.669659	9.747745	3.450228	10.034972	6.38537	1.67592	1.958196	10.0	10.203965
11.46811	14.252019	15.304358	0.466763	6.291977	13.347078	1.251188	4.373841	7.854784	9.774094	2.215505	5.800915	6.599368	1.0
4.376107	1.584929	13.406458	1.598903	10.556473	2.728964	7.908966	10.093486	6.169491	11.29201	12.88093	11.145055	5.258227	1.0
10.566216	6.664502	2.922345	4.030061	2.176235	8.470888	11.535317	11.46277	11.426948	11.085629	9.395422	5.817744	3.445923	1.0
10.424948	2.176018	8.64638	12.808495	3.156783	7.228061	4.350428	7.569779	9.175207	11.158835	2.65519	7.507583	12.142293	1.0
11.40725	2.951331	10.858043	12.228772	5.839036	1.742524	10.893902	1.776865	13.905532	2.314156	5.41005	10.391113	9.281425	1.0
8.751825	12.029759	11.794207	8.568504	2.351	7.134908	1.04198	2.269519	11.283825	5.610936	4.102197	12.82884	10.232502	2.0
15.178777	1.349525	4.831331	5.784982	0.038858	18.90355	1.003253	10.305294	14.754533	13.399518	0.573957	1.790158	10.086263	2.0
0.628633	1.294617	0.24623	2.410196	14.723915	13.981019	15.427868	7.943325	16.451604	10.188814	8.449725	1.671866	4.582187	2.0
3.515228	0.799294	0.22938	0.236862	2.816424	16.515032	0.067818	21.183702	11.371606	12.519886	12.107699	14.268129	2.368941	2.0
9.995806	8.133731	12.832052	6.022308	4.893282	13.581769	10.974949	1.193478	4.46692	10.177579	1.699338	10.772736	3.25605	2.0
8.055955	4.856557	5.293436	6.742112	2.090494	5.411734	11.543003	4.90897	8.532939	8.371382	10.240997	10.469716	10.482706	3.0
6.887428	3.189594	11.885427	5.86898	3.932037	8.514171	10.321699	3.931605	8.474625	11.07888	15.099365	0.87191	6.944279	3.0
8.403376	5.443399	13.455194	10.029207	2.060309	13.651384	9.38279	1.837325	5.203919	7.547112	8.653441	10.609682	0.722861	3.0
9.509925	9.600476	9.365558	3.022595	6.257383	6.722531	6.682569	1.711802	9.637933	11.339994	9.696816	4.063763	9.388653	3.0
10.625128	9.879568	1.255141	11.626185	10.731223	3.239071	3.680219	5.555256	8.877736	8.694368	11.012782	6.488145	5.33518	3.0
4.263798	15.742228	7.886342	0.305389	1.551588	2.894197	5.113299	14.584506	15.167199	7.297971	14.283383	4.192262	2.717839	4.0
6.845175	3.415308	5.875491	2.561612	9.850223	3.844453	7.21539	12.870117	9.698686	7.756332	8.045013	5.864151	12.158048	4.0
5.686987	14.775184	11.52215	9.693974	1.210091	2.29565	2.407346	3.748822	12.207418	4.21624	15.460505	10.657346	2.118288	4.0
8.845976	9.807209	8.93104	8.843864	7.974517	2.478048	9.875274	6.520396	1.183308	8.383966	6.99405	8.861841	7.300511	4.0
5.002391	3.201126	5.213353	10.531977	7.954539	6.433795	8.277996	7.448921	5.052313	7.743571	10.801131	10.553189	7.785698	4.0
7.295431	11.968128	1.164693	1.134029	10.112432	9.405298	11.766549	5.070509	5.965425	1.81415	4.605258	12.66289	12.035207	5.0
7.081182	3.671707	4.083116	2.118811	4.902244	16.610297	14.643766	17.494527	1.612776	0.387023	7.235584	8.178942	6.980025	5.0
1.188232	8.960996	3.588579	9.068409	1.596885	11.318043	1.268079	10.762058	7.727134	11.654443	8.056463	10.471998	9.33868	5.0
6.214421	3.292049	10.374982	7.288438	14.820312	3.382504	9.991436	9.308819	6.645092	6.591921	5.183138	2.593043	9.313843	5.0
12.078566	8.693426	11.129707	5.827223	8.349185	1.292761	6.694438	4.890013	7.149547	6.807629	2.015918	11.890773	8.180814	5.0
5.983082	11.484159	6.602791	11.798473	0.968826	4.135112	12.450373	13.674103	8.52982	3.281479	9.846676	3.642049	1.603056	6.0
4.865003	9.299771	5.713442	4.566575	1.745882	7.215613	5.901748	2.767355	6.928977	7.438756	10.345228	13.418333	13.793316	6.0
11.323713	9.332816	9.626784	3.283508	0.621438	3.142693	2.483778	10.803114	10.130994	4.184237	7.230688	8.209481	13.626755	6.0
8.673365	11.019994	1.378848	2.70597	9.899972	6.090662	14.335866	11.852503	7.658526	2.353325	2.229331	12.720697	3.080942	6.0
5.628152	8.976882	9.850229	7.370645	1.711681	9.914518	6.780487	10.655557	9.30391	5.848615	6.420324	0.331897	11.207103	6.0
12.994076	4.707816	5.898915	1.281708	12.574356	5.172121	3.212237	2.356153	11.918796	11.943446	9.723751	4.409142	6.807484	7.0
2.98795	5.87134	12.43669	5.101585	14.06582	6.132709	4.506259	8.547958	1.12299	13.319692	3.110035	5.05896	10.738011	7.0
8.845334	13.752633	12.372245	5.50627	10.654256	2.578797	12.879822	3.911909	10.714949	2.759491	1.901587	1.900068	5.222639	7.0
0.148547	10.246497	15.901057	4.439713	13.553466	11.534175	7.303598	14.232575	1.622648	0.256591	1.537739	10.381314	1.842081	7.0
1.415065	11.03641	13.337179	10.305429	6.157145	12.86832	1.135039	5.477818	5.229443	7.429111	1.854566	6.549499	10.204978	7.0
14.030063	7.644792	4.074148	6.269101	3.784637	12.76066	3.885805	4.730335	4.209751	9.342367	11.480609	0.67583	9.111904	8.0
6.829708	0.756846	4.130381	8.709809	11.710443	12.381667	4.206008	8.209057	1.03958	13.709405	8.918257	6.08466	5.314179	8.0
3.150588	8.262209	5.542908	4.11118	6.901934	10.02052	9.300746	10.48259	10.329338	13.033528	1.364051	5.919925	3.580482	8.0
10.955836	8.099373	10.927175	0.81447	10.068128	3.041813	7.17726	4.894126	12.071403	8.048592	7.486456	8.072776	0.342591	8.0
7.32694	9.220949	5.142174	9.363271	9.455984	2.000611	1.067369	4.698546	7.572809	11.648852	10.762966	10.66104	3.078487	8.0
13.324844	2.760149	6.629283	3.169124	10.23346	5.706697	7.19287	7.343173	5.048412	0.754288	13.166893	9.375761	6.295047	9.0
4.325531	6.27419	11.161405	11.220565	1.426119	8.146739	8.87874	8.993065	4.744298	9.434995	10.197084	4.253197	1.944072	9.0
3.720885	6.086494	5.500806	12.666154	11.468973	12.694345	10.603162	11.469632	7.107797	0.480276	4.492481	0.327225	4.38177	9.0
7.616417	7.104212	11.012959	8.472997	8.175494	7.877749	6.037221	0.120039	2.524825	3.29705	11.012045	9.476538	8.272453	9.0
11.894922	4.262892	7.018587	1.606636	10.003814	8.973051	10.798721	11.936697	2.767401	6.241733	4.829228	9.918593	0.747723	9.0
4.033059	7.661569	8.415296	8.925685	10.139965	1.679278	2.324359	11.199939	7.924031	1.696837	3.548521	11.172997	11.278465	10.0
5.217539	5.279008	6.496793	9.281058	4.878863	4.068307	12.426002	0.32988	3.787921	5.505821	11.38298	14.463726	6.882103	10.0
5.857608	9.513323	11.910252	15.455733	4.101312	9.425931	10.118534	2.515827	7.784941	4.661272	1.697186	4.731078	2.227003	10.0
9.944185	10.134813	10.289023	8.230808	10.480938	4.132022	5.491038	9.539572	0.867728	4.124813	10.501479	3.108561	3.15502	10.0
13.225933	3.982987	3.491747	0.039409	12.836283	5.721964	13.67963	2.666709	2.27505	5.370625	7.008207	9.22031	10.481146	10.0
