CD4	CD8	nB	NK	Mn	mNeu	m8	DC	Eo	Tr	m4	Mg	Er	mB
5.67221	8.984589	2.782955	3.415442	9.530337	7.677593	11.09713	1.0	9.92324	5.741806	6.501194	1.824341	12.700776	13.148387
2.380504	10.116829	1.080797	6.269202	13.498912	3.690399	9.658672	1.0	11.626071	11.282008	7.119411	10.95602	11.118082	0.203093
13.635033	8.665164	9.61251	13.090548	13.844551	1.724863	3.647877	1.0	10.702092	4.075216	6.957665	7.814654	2.780165	2.449664
2.07524	4.737194	15.659517	15.10335	1.261039	1.464952	2.582003	5.5	18.099923	7.630654	3.955778	7.370632	3.834613	10.725105
12.77138	3.778067	6.167454	2.707219	6.782985	13.430532	0.93786	5.5	5.894295	0.708758	13.825476	4.141068	12.740433	10.614474
0.850591	8.820878	4.124892	9.685633	8.349367	13.048895	1.274694	5.5	4.593718	2.16037	13.270264	10.811996	5.131551	12.377151
11.921119	12.463329	5.092209	11.787516	5.788939	2.947583	1.008793	10.0	6.498764	8.400378	5.323716	5.340025	1.312049	12.115579
10.685673	0.353236	5.204203	2.473141	13.630129	8.222708	1.533402	10.0	0.769722	5.300631	6.492615	10.643972	14.677739	10.012828
13.168543	5.318501	11.062033	2.140778	4.970759	0.552748	9.334069	10.0	3.311376	13.85955	5.228622	1.320326	8.798734	10.93396
