CD4	CD8	nB	NK	Mn	mNeu	m8	DC	Eo	Tr	m4	Mg	Er	mB
9.566312	10.251024	3.587918	4.4626	5.286037	9.833641	9.327284	4.029085	1.0	6.578361	11.988218	1.705886	10.296682	12.086951
11.010333	7.472155	1.895586	1.112167	2.112317	2.166779	2.996123	13.081933	1.0	9.789176	9.514216	13.891521	13.64626	10.311434
8.715945	2.524016	9.371483	9.4814	5.883811	1.227604	12.975235	10.553522	1.0	11.854727	8.064276	10.484456	3.253561	4.609964
5.673037	11.055089	0.701632	10.795894	9.565687	3.892708	1.462389	9.292827	5.5	8.27709	10.802432	8.99645	3.337536	10.64723
9.479557	8.063596	11.184166	1.768425	12.594435	0.689821	9.116288	11.493854	5.5	2.386638	7.113428	4.957121	3.968221	11.68445
2.835332	4.026225	3.260158	12.820863	10.271185	10.976181	4.26027	13.244733	5.5	11.658679	4.046237	7.545971	1.813507	7.740659
4.227268	8.165225	7.975056	6.610875	10.690659	4.913694	7.866378	9.137029	10.0	9.715605	0.856192	11.437475	6.253185	2.151357
6.780789	8.575897	2.661091	3.009455	8.913743	12.531701	2.487034	8.652021	10.0	9.480326	12.218304	1.540224	8.491877	4.657538
9.135184	0.571083	7.051062	2.714571	3.582425	9.25872	10.107907	10.909096	10.0	9.934644	11.617387	3.425078	5.01204	6.680804
