CD4	CD8	nB	NK	Mn	mNeu	m8	DC	Eo	Tr	m4	Mg	Er	mB
1.281618	13.132906	7.607692	1.500986	7.533305	0.208155	6.74323	10.919344	14.462855	4.195933	14.332264	9.649213	1.0	7.4325
1.538164	2.607008	7.656633	7.217874	6.782895	7.967835	14.852481	3.714194	4.041247	7.578198	14.513013	13.742724	1.0	6.787733
7.556832	7.648482	12.479448	13.194284	9.533009	11.133575	8.149912	1.085061	4.824299	2.233901	6.639512	8.247471	1.0	6.274214
5.037678	1.449297	11.343274	4.890714	12.280931	3.839822	11.247808	10.492486	2.253777	14.644434	7.372861	5.45102	5.5	4.195899
4.74501	0.831999	5.124844	0.529143	12.358458	3.32378	7.698373	6.276037	4.440861	12.064286	9.816675	16.989296	5.5	10.301236
8.793322	12.641026	6.639363	0.00198	2.368219	12.163288	2.689703	12.35823	12.262519	6.042257	5.010383	6.682303	5.5	6.847405
10.19411	3.118341	4.208968	11.002496	5.824663	2.875022	9.01577	6.029926	9.452895	15.458979	5.04982	2.628917	10.0	5.140092
8.378046	9.334628	5.496476	9.215666	9.35746	9.224405	2.947154	8.334196	4.882439	4.299471	6.152809	4.629992	10.0	7.747258
8.516783	9.312902	10.05449	1.369816	10.687133	2.834103	6.816407	7.317058	7.77903	7.697687	2.361783	4.677598	10.0	10.575212
