CD4	CD8	nB	NK	Mn	mNeu	m8	DC	Eo	Tr	m4	Mg	Er	mB
1.383833	1.773924	9.982101	10.592558	10.0352	4.170317	11.142084	8.481911	9.283513	9.616937	1.0	12.500611	9.597441	0.439569
1.493772	15.341303	8.152001	10.206315	9.14482	1.941894	10.085366	1.473917	6.562643	13.994903	1.0	3.446724	9.079377	8.076966
1.666695	11.118603	10.740377	2.764677	7.079728	3.596773	10.058032	14.903429	14.123007	1.875573	1.0	7.30918	7.253716	6.51021
2.493927	5.031502	4.240302	8.446596	4.852574	9.424528	9.795584	7.891606	11.742097	6.037524	5.5	11.347603	11.348873	1.847283
6.578229	10.564866	16.898958	3.858096	7.091505	4.282266	16.553274	4.401986	5.503239	2.573379	5.5	9.273043	3.527365	3.393794
10.527767	1.390704	6.673453	12.510434	4.069312	10.605114	0.330436	8.092717	7.566158	8.449326	5.5	12.501717	10.978788	0.804074
5.794072	13.701542	2.298138	1.295836	8.386067	9.112652	4.510269	6.892398	6.665933	8.568165	10.0	4.409173	13.053254	5.312501
18.371931	17.957176	1.87404	2.997364	7.104795	1.293003	0.805735	6.749383	15.776423	1.634704	10.0	2.435639	12.888222	0.111587
5.004222	2.860479	12.936782	3.195383	8.973677	9.564205	1.538617	6.642198	9.57866	9.579874	10.0	6.560807	3.263839	10.301257
