CD4	CD8	nB	NK	Mn	mNeu	m8	DC	Eo	Tr	m4	Mg	Er	mB
12.809003	9.437098	15.969253	5.502394	5.438264	1.259374	1.0	8.04255	10.8816	9.582055	7.812249	3.853194	0.182798	8.230168
1.192143	5.672019	8.186048	13.772323	9.208828	6.685036	1.0	3.76343	1.898236	9.207989	11.365456	13.200556	9.509344	5.338591
0.844257	2.558304	14.362668	0.183626	5.647099	3.42237	1.0	6.938082	9.323987	15.413552	0.881814	13.219587	7.284982	18.91967
4.590228	10.899777	1.001033	8.557517	0.303339	11.698842	5.5	9.67826	12.453444	4.782232	2.154663	11.053251	8.811649	8.515764
9.206321	0.311748	4.869386	14.151423	16.263144	1.945556	5.5	8.262236	0.944957	5.712386	14.254399	3.838282	12.391954	2.348206
5.539325	10.895661	6.655836	4.80156	4.593003	5.764788	5.5	11.869039	11.10443	3.448341	8.173348	0.410693	9.925345	11.318631
11.954922	1.703604	5.861954	5.606912	8.102455	6.930202	10.0	7.099476	5.521199	9.811923	8.815708	9.651828	6.099335	2.840481
13.206492	14.185301	3.330176	6.025381	6.002091	3.173878	10.0	1.940665	13.425438	2.380684	6.456844	4.90507	10.832142	4.135838
5.384984	5.481201	8.79772	1.818473	10.427975	0.845366	10.0	4.49698	4.632036	11.482472	12.237444	11.301272	5.627992	7.466085
