CD4	CD8	nB	NK	Mn	mNeu	m8	DC	Eo	Tr	m4	Mg	Er	mB
14.286358	16.009179	8.966132	3.215723	1.597811	14.822824	7.949088	4.017949	10.290002	0.056183	7.664051	1.0	5.658558	4.466142
1.403417	0.059052	9.971481	8.424463	1.784633	12.518859	3.665834	16.460848	6.810396	13.029995	11.982861	1.0	0.216431	12.671729
11.771474	12.332298	0.285503	7.884222	9.015579	1.387376	5.757036	0.971588	12.013572	8.786996	15.065414	1.0	10.548091	3.180851
10.066197	5.610007	8.19654	9.659636	8.190584	9.086387	9.921962	7.768294	4.734929	6.707399	5.426954	5.5	8.45464	0.676472
6.76053	11.291317	12.148155	1.129624	12.013836	1.174995	9.976091	14.319878	9.379095	5.057619	0.276932	5.5	3.961297	7.010629
1.296182	6.544325	11.000623	11.570801	7.147014	1.602411	6.17232	4.277039	2.37328	6.944967	10.944849	5.5	12.053312	12.572878
11.523121	8.37722	1.537945	3.712015	1.970709	6.607013	10.85487	9.330803	1.453575	10.340538	4.519097	10.0	12.487778	7.285317
0.78392	8.08737	5.193129	12.012267	9.632567	11.207192	3.294232	11.398985	10.230412	3.97202	7.312092	10.0	0.783855	6.09196
8.847019	11.630937	6.038671	10.125676	3.697012	7.307393	5.327672	1.830706	4.894617	7.817566	9.467142	10.0	1.97412	11.041469
