CD4	CD8	nB	NK	Mn	mNeu	m8	DC	Eo	Tr	m4	Mg	Er	mB
12.203182	14.131049	9.813854	0.588129	1.0	12.668348	12.455821	2.885432	3.41965	0.296392	3.974963	3.232017	15.035965	8.295196
14.083713	8.038749	12.058441	3.987271	1.0	4.204431	10.56443	3.81027	7.857347	13.713156	7.947421	1.082369	1.553602	10.0988
3.576814	10.990868	11.422782	10.79428	1.0	11.518895	10.709967	7.959459	5.243046	8.085635	4.135165	0.900952	11.416312	2.245827
12.921567	10.769201	1.413338	3.557287	5.5	7.755523	13.126819	3.291574	0.857646	7.997895	2.531195	8.261982	13.451452	8.564521
9.271849	5.601095	7.981434	2.968721	5.5	9.681597	6.568393	7.21596	8.100887	6.231917	6.412472	8.274789	7.771062	8.419824
6.123787	1.964364	13.245037	8.516219	5.5	1.928547	1.768058	0.671485	13.596985	6.718834	9.843019	9.920229	8.099779	12.103657
8.092601	3.956695	5.697459	10.551839	10.0	3.381015	8.400888	7.666161	4.184829	8.636963	9.83412	6.108042	2.17591	11.313479
0.98703	4.993503	4.000873	10.509043	10.0	0.559141	7.237165	3.693975	0.870838	15.707713	18.461898	0.980582	19.813566	2.184675
6.843884	6.473365	4.092928	1.005742	10.0	11.478053	11.820673	5.779144	12.588313	12.939972	0.692811	2.677761	3.882833	9.72452
