CD4	CD8	nB	NK	Mn	mNeu	m8	DC	Eo	Tr	m4	Mg	Er	mB
11.059927	5.551784	13.492034	4.725203	8.754215	1.0	7.327836	6.467822	4.378696	7.985188	6.005108	14.003266	7.464638	1.784283
18.444784	16.366258	3.508628	8.124765	7.095109	1.0	5.439835	0.758129	6.158167	3.535254	0.012933	1.441251	14.573388	13.541499
7.519258	3.854053	9.482448	12.406491	9.502391	1.0	2.676664	9.650831	7.109825	1.560263	6.047027	8.697726	8.768053	11.724968
4.099161	2.307507	8.44446	11.20914	10.864411	5.5	1.881525	10.90704	6.244041	1.404798	11.617758	9.662147	7.687678	8.170334
8.957194	6.676663	5.989868	7.316044	10.830524	5.5	9.732442	3.1116	0.849515	10.263378	13.058327	12.874989	1.519155	3.320301
5.118346	13.88151	13.482477	5.27829	7.378583	5.5	6.303262	10.608331	5.347923	1.568478	3.85775	6.419113	8.719154	6.536784
2.325358	8.647102	13.474476	4.467794	2.418467	10.0	3.553738	13.963533	4.073147	11.823238	1.46347	6.388259	14.464566	2.936854
4.001611	5.413437	7.218439	10.297653	7.152869	10.0	4.31551	15.096202	3.756604	1.719891	12.902634	11.396688	3.625054	3.103409
5.778754	0.604705	8.958231	3.883359	6.183703	10.0	3.903124	2.73666	10.675837	11.507289	8.544604	11.525223	9.226178	6.472334
