CD4	CD8	nB	NK	Mn	mNeu	m8	DC	Eo	Tr	m4	Mg	Er	mB
9.647467	7.599545	6.741121	1.0	4.479219	7.137387	1.359007	12.686264	8.512038	9.888478	13.42873	1.989239	7.974811	7.556694
11.224814	15.400971	7.029111	1.0	8.873739	10.461252	1.690333	0.146608	10.590382	4.562564	15.066727	0.337531	0.639417	12.97655
13.654359	1.410379	13.169333	1.0	11.110746	0.307417	8.358478	5.463893	11.407605	10.276076	7.143983	3.448891	6.130152	7.118688
12.538552	7.426816	12.08975	5.5	11.46192	9.137309	0.931143	11.53375	1.113625	1.508462	10.655435	6.994405	7.639778	1.469055
3.276251	7.429555	3.363983	5.5	13.249475	8.226654	13.120322	3.566719	5.125521	11.695036	14.540856	8.47216	0.928078	1.50539
4.901966	4.684748	11.750927	5.5	9.803352	13.157561	0.073193	12.190084	2.540122	7.643607	0.896399	11.622345	5.34946	9.886236
11.519753	0.050191	7.155062	10.0	3.092042	7.850467	10.417604	10.895759	1.132124	9.599389	2.202737	3.706011	13.472681	8.90618
1.867178	8.206875	5.929401	10.0	12.232477	2.458658	11.181023	8.166334	10.988958	11.603611	3.538351	3.224081	0.922315	9.680738
1.734474	7.439662	8.160742	10.0	11.751929	4.255497	6.741291	11.594949	6.607779	8.823513	8.783611	6.809541	3.85776	3.439251
