CD4	CD8	nB	NK	Mn	mNeu	m8	DC	Eo	Tr	m4	Mg	Er	mB
10.590687	2.548738	11.467164	1.387786	10.827661	7.788797	5.318205	11.206312	1.825818	1.0	5.428668	11.794984	9.294897	9.520281
4.6426	2.164319	7.900627	11.031829	15.697125	4.966406	5.154928	15.944476	1.706946	1.0	13.513442	6.100469	6.021476	4.155357
12.304157	8.313284	11.444451	2.166363	6.304838	0.603777	12.916551	2.54626	3.280831	1.0	13.208962	12.038013	13.805481	0.067032
5.572493	10.054803	4.140951	4.68981	10.481349	1.492817	10.709971	5.197427	10.394042	5.5	11.05635	1.885446	8.463816	10.360725
17.911198	0.302719	2.802099	1.008775	6.823391	3.70331	0.07046	17.188845	9.17299	5.5	12.48005	2.86724	13.043743	7.125182
4.740944	16.029267	14.942933	2.787992	15.319728	8.870593	4.184193	4.148574	2.580989	5.5	6.709941	10.644299	2.821959	0.718588
11.844127	8.294827	5.502411	9.053567	2.229837	0.925552	8.2953	1.303896	11.241141	10.0	14.932989	1.537301	4.475018	10.364035
8.397772	9.441209	3.215412	3.31983	11.907548	7.891268	7.098224	4.573993	9.065075	10.0	2.440551	6.91821	4.315452	11.415455
9.808669	10.366759	9.985465	11.025185	7.67379	1.257879	11.200287	7.721844	1.651701	10.0	4.439759	5.701463	6.830073	2.337126
