chrom	start	end	CD4	CD8	nB	NK	Mn	mNeu	m8	DC	Eo	Tr	m4	Mg	Er	mB	shouldbechrom	pos
chr1	16138	16140	0.8793333333333333	0.8706666666666667	0.9546666666666668	0.9356666666666666	0.9186666666666666	0.785	0.8690000000000001	0.948	0.92	0.8825000000000001	0.9575	0.937	0.8755	0.9403333333333334	chr1	16139
chr1	16242	16244	0.6539999999999999	0.6416666666666667	0.7656666666666666	0.6976666666666667	0.7433333333333333	0.5696666666666667	0.6395	0.6603333333333333	0.6399999999999999	0.72	0.6065	0.6074999999999999	0.5479999999999999	0.4953333333333333	chr1	16243
chr1	16633	16635	0.9486666666666668	1.0	0.875	0.8843333333333333	1.0	0.741	0.875	0.8889999999999999	0.7335	1.0	1.0	1.0	1.0	0.7273333333333333	chr1	16634
chr1	16645	16647	0.9803333333333332	0.9723333333333332	0.9666666666666668	0.9463333333333334	1.0	0.9583333333333334	1.0	0.9583333333333334	1.0	1.0	1.0	0.9615	1.0	0.9343333333333332	chr1	16646
chr1	16664	16666	0.9840000000000001	0.963	1.0	0.942	1.0	1.0	1.0	0.8889999999999999	0.972	1.0	0.95	0.9545	0.95	0.9326666666666666	chr1	16665
chr1	16666	16668	0.9363333333333334	0.9763333333333334	1.0	0.9166666666666666	1.0	0.9583333333333334	0.9	1.0	0.8335	1.0	1.0	1.0	0.9179999999999999	1.0	chr1	16667
chr1	16730	16732	0.9246666666666666	1.0	0.909	1.0	0.9743333333333334	0.963	0.9690000000000001	1.0	0.857	1.0	0.9445	0.75	0.857	0.9723333333333332	chr1	16731
chr1	16821	16823	1.0	1.0	0.9793333333333332	0.8613333333333332	0.97	0.9603333333333334	0.9655	0.9316666666666666	1.0	0.8365	0.9785	1.0	1.0	0.8833333333333333	chr1	16822
chr1	17377	17379	0.9426666666666668	0.8813333333333334	0.9833333333333334	1.0	0.9686666666666668	0.9186666666666666	0.9955	0.9643333333333332	0.9455	0.9840000000000001	0.972	0.9665	0.932	0.928	chr1	17378
