position	CD4	CD8	nB	NK	Mn	mNeu	m8	DC	Eo	Tr	m4	Mg	Er	mB	CD4-others	CD8-others	nB-others	NK-others	Mn-others	mNeu-others	m8-others	DC-others	Eo-others	Tr-others	m4-others	Mg-others	Er-others	mB-others
chr1:16138	0.8793333333333333	0.8706666666666667	0.9546666666666668	0.9356666666666666	0.9186666666666666	0.785	0.8690000000000001	0.948	0.92	0.8825000000000001	0.9575	0.937	0.8755	0.9403333333333334	-0.027935897435897417	-0.03726923076923072	0.05319230769230787	0.03273076923076923	0.014423076923076983	-0.1295256410256409	-0.03906410256410242	0.04601282051282052	0.01585897435897443	-0.024525641025641032	0.05624358974358967	0.03416666666666657	-0.03206410256410264	0.03775641025641019
chr1:16242	0.6539999999999999	0.6416666666666667	0.7656666666666666	0.6976666666666667	0.7433333333333333	0.5696666666666667	0.6395	0.6603333333333333	0.6399999999999999	0.72	0.6065	0.6074999999999999	0.5479999999999999	0.4953333333333333	0.012833333333333252	-0.0004487179487178139	0.13308974358974368	0.05985897435897436	0.10903846153846164	-0.07798717948717948	-0.0027820512820512233	0.019653846153846244	-0.0022435897435897356	0.08391025641025651	-0.03832051282051263	-0.03724358974358977	-0.1013205128205128	-0.15803846153846157
chr1:16633	0.9486666666666668	1.0	0.875	0.8843333333333333	1.0	0.741	0.875	0.8889999999999999	0.7335	1.0	1.0	1.0	1.0	0.7273333333333333	0.04673076923076935	0.10201282051282046	-0.032602564102564235	-0.022551282051282096	0.10201282051282046	-0.17691025641025648	-0.032602564102564235	-0.017525641025641248	-0.18498717948717958	0.10201282051282046	0.10201282051282046	0.10201282051282046	0.10201282051282046	-0.19162820512820522
chr1:16645	0.9803333333333332	0.9723333333333332	0.9666666666666668	0.9463333333333334	1.0	0.9583333333333334	1.0	0.9583333333333334	1.0	1.0	1.0	0.9615	1.0	0.9343333333333332	0.003576923076922922	-0.005038461538461658	-0.011141025641025482	-0.03303846153846146	0.024756410256410177	-0.020115384615384424	0.024756410256410177	-0.020115384615384424	0.024756410256410177	0.024756410256410177	0.024756410256410177	-0.01670512820512815	0.024756410256410177	-0.04596153846153861
chr1:16664	0.984	0.963	1.0	0.9420000000000001	1.0	1.0	1.0	0.8889999999999999	0.972	1.0	0.95	0.9545	0.95	0.9326666666666666	0.018371794871795077	-0.004243589743589515	0.03560256410256435	-0.026858974358974108	0.03560256410256435	0.03560256410256435	0.03560256410256435	-0.08393589743589736	0.00544871794871804	0.03560256410256435	-0.01824358974358964	-0.013397435897435694	-0.01824358974358964	-0.03691025641025625
chr1:16666	0.9363333333333334	0.9763333333333334	1.0	0.9166666666666666	1.0	0.9583333333333334	0.9	1.0	0.8335	1.0	1.0	1.0	0.918	1.0	-0.02542307692307677	0.017653846153846242	0.04314102564102573	-0.046602564102564026	0.04314102564102573	-0.0017307692307692024	-0.06455128205128202	0.04314102564102573	-0.13616666666666666	0.04314102564102562	0.04314102564102562	0.04314102564102562	-0.04516666666666669	0.04314102564102562
chr1:16730	0.9246666666666666	1.0	0.909	1.0	0.9743333333333334	0.963	0.969	1.0	0.857	1.0	0.9445	0.75	0.857	0.9723333333333332	-0.013500000000000068	0.06762820512820522	-0.030371794871794644	0.06762820512820522	0.03998717948717956	0.027782051282051357	0.034243589743589764	0.06762820512820511	-0.0863717948717948	0.06762820512820522	0.007858974358974424	-0.20160256410256394	-0.0863717948717948	0.037833333333333274
chr1:16821	1.0	1.0	0.9793333333333332	0.8613333333333332	0.97	0.9603333333333334	0.9655	0.9316666666666666	1.0	0.8365	0.9785	1.0	1.0	0.8833333333333333	0.048730769230769355	0.048730769230769355	0.026474358974358903	-0.1006025641025643	0.016423076923076874	0.006012820512820483	0.011576923076923151	-0.02485897435897444	0.048730769230769355	-0.12734615384615378	0.025576923076923275	0.048730769230769355	0.048730769230769355	-0.0769102564102564
chr1:17377	0.9426666666666668	0.8813333333333334	0.9833333333333334	1.0	0.9686666666666668	0.9186666666666666	0.9955	0.9643333333333332	0.9455	0.984	0.972	0.9665	0.932	0.9279999999999999	-0.014243589743589635	-0.08029487179487171	0.029551282051282213	0.04749999999999999	0.01375641025641039	-0.0400897435897436	0.04265384615384615	0.009089743589743349	-0.011192307692307724	0.030269230769230604	0.017346153846153678	0.01142307692307687	-0.025730769230769335	-0.03003846153846168
