label	MEL_TUMOR_cpg3	PBL_cpg3	TIL_cpg3	MEL_TUMOR_cpg5	PBL_cpg5	TIL_cpg5	MEL_TUMOR_cpg4	PBL_cpg4	TIL_cpg4	MEL_TUMOR_cpg1	PBL_cpg1	TIL_cpg1	MEL_TUMOR_cpg2	PBL_cpg2	TIL_cpg2
0	0.025862069	0.759791123	0.075785582	0.020833333	0.740740741	0.042682927	0.025	0.779411765	0.097402597	0.079150579	0.685073339	0.113707165	0.039655172	0.739130435	0.079268293
0	0.055921053	0.752336449	0.066508314	0.052631579	0.772727273	0.050359712	0.034013605	0.755555556	0.083018868	0.142533937	0.660211268	0.122807018	0.070726916	0.738396624	0.077793494
0	0.014492754	0.859728507	0.057731959	0.012658228	0.854545455	0.027027027	0.027210884	0.865217391	0.073825503	0.07755102	0.762195122	0.084687767	0.019197208	0.814814815	0.056878307
0	0.05785124	0.765560166	0.061290323	0.076923077	0.834645669	0.042105263	0.071428571	0.806451613	0.071960298	0.094690265	0.703007519	0.093192333	0.053968254	0.755915318	0.06345957
0	0.066282421	0.701052632	0.057040998	0.032258065	0.793650794	0.027624309	0.048484848	0.743902439	0.066473988	0.129400571	0.636709825	0.106157113	0.072487644	0.668704156	0.064146621
0	0	0.761363636	0.010989011	0	0.6875	0	0	0.719298246	0	0.072625698	0.726027397	0.08372093	0.026315789	0.781690141	0.01459854
0	0.045454545	0.796052632	0.038043478	0.034482759	0.727272727	0.014492754	0.02173913	0.757142857	0.03875969	0.05982906	0.732919255	0.080213904	0.036231884	0.763033175	0.039215686
0	0.021126761	0.710843373	0.057692308	0	0.655172414	0.027027027	0.01369863	0.696969697	0.053030303	0.082317073	0.628640777	0.087527352	0.035714286	0.704980843	0.055016181
0	0.098901099	0.558823529	0.056074766	0.086956522	0.425	0.022222222	0.093023256	0.492753623	0.055555556	0.159663866	0.544776119	0.086642599	0.105633803	0.56626506	0.042682927
0	0.064748201	0.666666667	0.139622642	0.108695652	0.662037037	0.154385965	0.088122605	0.660477454	0.150826446	0.091421415	0.591217982	0.156517363	0.054371002	0.638316151	0.133173844
0	0.029411765	0.625	0.028846154	0.083333333	0.407407407	0	0.038461538	0.5	0.028985507	0.088607595	0.635359116	0.079646018	0.036363636	0.6484375	0.025806452
0	0.036697248	0.629824561	0.098981077	0.041666667	0.590909091	0.119266055	0.04368932	0.596825397	0.091116173	0.093272171	0.614834092	0.145981087	0.053475936	0.640786749	0.106715731
0	0.032051282	0.760638298	0.05124451	0.031914894	0.689440994	0.016326531	0.028708134	0.75974026	0.052154195	0.094728801	0.701360544	0.093905473	0.036895674	0.761388286	0.051935788
0	0.025641026	0.75	0.060606061	0	0.636363636	0.019230769	0.03030303	0.689655172	0.077777778	0.077319588	0.665306122	0.084175084	0.025862069	0.739130435	0.061538462
0	0.016516517	0.770177839	0.045307443	0.021390374	0.835748792	0.035928144	0.016722408	0.794258373	0.043046358	0.077686916	0.64849075	0.095706619	0.020730503	0.721099434	0.055020633
0	0.014084507	0.648648649	0.065420561	0	0.545454545	0	0	0.574468085	0.090909091	0.078787879	0.623893805	0.104545455	0.009174312	0.674242424	0.055172414
0	0.166666667	0.648148148	0.018181818	0.111111111	0.647058824	0	0.133333333	0.612903226	0.03125	0.220779221	0.584745763	0.10619469	0.16	0.6	0.037037037
0	0	0.615384615	0.054054054	0	0.5	0	0	0.6	0.090909091	0.044117647	0.71641791	0.095890411	0	0.684210526	0.058823529
0	0.085714286	0.673913043	0.050847458	0.083333333	0.45	0.047619048	0.142857143	0.592592593	0.033333333	0.076190476	0.689922481	0.098484848	0.064516129	0.7	0.056179775
0	0.125531915	0.453376206	0.117728532	0.183333333	0.458823529	0.125506073	0.182539683	0.458204334	0.118942731	0.126353791	0.434157562	0.169628433	0.100621118	0.428708134	0.129881154
0	0.037366548	0.760683761	0.065096953	0.038461538	0.682242991	0.0546875	0.051094891	0.693877551	0.081677704	0.090790333	0.694246575	0.092163355	0.041340782	0.760984183	0.06342311
0	0.016393443	0.76146789	0.042016807	0	0.720930233	0.02	0	0.728813559	0.048192771	0.055248619	0.681992337	0.107266436	0.009708738	0.730538922	0.060301508
1	0.018867925	0.793991416	0.033639144	0.044444444	0.690140845	0.023809524	0.029411765	0.766129032	0.024630542	0.076771654	0.7168	0.07082153	0.028481013	0.769430052	0.039387309
1	0.048387097	0.817567568	0.028653295	0.075471698	0.752941176	0.023076923	0.063157895	0.765822785	0.035874439	0.082135524	0.699708455	0.072483221	0.047945205	0.766519824	0.026565465
1	0.026041667	0.809338521	0.022727273	0	0.726190476	0.007633588	0	0.77037037	0.008928571	0.060546875	0.676821192	0.065351418	0.025316456	0.768518519	0.02661597
1	0.032520325	0.774390244	0.008602151	0.034482759	0.761363636	0	0.0390625	0.74691358	0.010033445	0.075555556	0.683558559	0.06920078	0.026442308	0.755319149	0.022288262
1	0.028391167	0.751497006	0.047493404	0.02739726	0.715789474	0.026548673	0.04137931	0.735955056	0.059907834	0.096039604	0.707853403	0.100361664	0.034862385	0.752595156	0.049079755
1	0.046153846	0.733766234	0.061919505	0.069767442	0.692307692	0.028571429	0.056074766	0.722222222	0.043478261	0.121177803	0.634090909	0.126681614	0.056962025	0.689587426	0.071428571
1	0.026246719	0.83984375	0.048543689	0.0125	0.875968992	0.018691589	0.023952096	0.859315589	0.039893617	0.094545455	0.735724744	0.093457944	0.039872408	0.807372176	0.055441478
1	0.024590164	0.802037846	0.024453024	0.01459854	0.747311828	0.017482517	0.029166667	0.76584022	0.020703934	0.083743842	0.710194731	0.080491895	0.026170799	0.77166065	0.025041736
1	0.033530572	0.764808362	0.04200542	0.066225166	0.806818182	0.034482759	0.045627376	0.764705882	0.03877551	0.082568807	0.658505155	0.09760479	0.02960969	0.724489796	0.044365572
1	0.03255814	0.760469012	0.040785498	0.040983607	0.754285714	0.02739726	0.030769231	0.713846154	0.036144578	0.072087175	0.68283344	0.086769231	0.030178326	0.734651405	0.047526673
1	0.070075758	0.708877285	0.04510451	0.089552239	0.688596491	0.037356322	0.093862816	0.696969697	0.054421769	0.111888112	0.63200871	0.088819227	0.064356436	0.682906689	0.048229088
1	0.047281324	0.705660377	0.057627119	0.060606061	0.655462185	0.020618557	0.059782609	0.666666667	0.055232558	0.09380531	0.638282387	0.115961801	0.044052863	0.671480144	0.065240642
