Mixture	CD14	CD19	CD4	CD56	CD8	P.value	Correlation	RMSE	CD4_real	CD8_real	CD14_real	CD19_real	CD56_real
reinGran_1.txt.bg	0.947378311086565	0	0.00504281934282856	0.0262955753886319	0.0212832941819749	9999	0.874502953527762	0.542808160305062	0.465753424	0.397260273	0.054794518	0.013698633	0.068493151
reinGran_2.txt.bg	0.949920983655642	0	0.00843120051942302	0.028991152306647	0.0126566635182882	9999	0.881064264506975	0.53110241475856	0.554216866	0.265060242	0.08433735	0.036144574	0.060240968
reinGran_3.txt.bg	0.975775991891178	0	0	0	0.0242240081088217	9999	0.872814577246331	0.564710764090095	0.650000002	0.300000005	0.024999996	0.024999996	0
reinGran_4.txt.bg	0.993373118054265	0	0.00662688194573465	0	0	9999	0.87280909382633	0.578596332193279	0.535714265	0.214285699	0.107142867	0.107142867	0.035714301
reinGran_5.txt.bg	0.960977581676106	0	0.0203099702541443	0.0187124480697497	0	9999	0.86968513300054	0.56226145358545	0.551724138	0.206896552	0.137931034	0.068965517	0.034482759
reinGran_6.txt.bg	0.960811329931804	0	0.0224831407204075	0.0167055293477891	0	9999	0.876040205751142	0.54935886993342	0.588235299	0.274509807	0.058823526	0.039215684	0.039215684
renPBMC_1.txt.bg	0.296074446191497	0.0564951847453921	0.231693927941829	0.24181343201795	0.173923009103331	9999	0.900352950809234	0.627180104725513	0.405882353	0.285294117	0.105882353	0.060294118	0.142647059
renPBMC_2.txt.bg	0.22462740674913	0.196431376081757	0.333257422796302	0.227565936669524	0.0181178577032876	9999	0.227866018356543	0.98023261894274	0.414634146	0.088269454	0.260162601	0.12195122	0.114982578
renPBMC_3.txt.bg	0.287226589672918	0.0681767655171425	0.340852177861265	0.0758846904511556	0.227859776497519	9999	0.928273512016962	0.563577510596898	0.607728337	0.151053865	0.119437939	0.058548009	0.063231851
renPBMC_4.txt.bg	0.225791971741389	0.167528597773512	0.332826277207546	0.081654877041717	0.192198276235836	9999	0.901263721306672	0.640151441448479	0.496878901	0.228464419	0.086142322	0.103620474	0.084893883
renPBMC_5.txt.bg	0.40941321845357	0.115718688455309	0.333916256832596	0.0166500768101462	0.124301759448379	9999	0.920312303209661	0.560785905325074	0.649051492	0.116531165	0.071815718	0.115176152	0.047425474
renPBMC_6.txt.bg	0.23015674646116	0.125627500441579	0.365689848915086	0.170477754111592	0.108048150070583	9999	0.90455503833282	0.636572695580241	0.472019465	0.164233577	0.116788321	0.132603406	0.114355231
renWB_1.txt.bg	0.515061799091133	0.0156279714064021	0.153503105203138	0.205629868758299	0.110177255541028	9999	0.858283262573867	0.577870884683453	0.363143632	0.314363142	0.157181572	0.05691057	0.108401084
renWB_2.txt.bg	0.670108062615502	0.0304731380784224	0.132439746741852	0.121281910598822	0.0456971419654018	9999	0.876920559085031	0.49512650136914	0.406976744	0.113372092	0.293604652	0.087209303	0.098837209
renWB_3.txt.bg	0.686758940255752	0	0.131136956125801	0.0383851977162438	0.143718905902204	9999	0.862464963891445	0.511533940386337	0.574358973	0.210256413	0.066666668	0.097435897	0.051282049
renWB_4.txt.bg	0.603037499172437	0.0802118003714519	0.134494301488009	0.0633939174460391	0.118862481522063	9999	0.833452620270414	0.577916285546477	0.444881889	0.22047244	0.102362204	0.16929134	0.062992127
renWB_5.txt.bg	0.773832578269416	0.0373084033053233	0.114552733936685	0.0215099650491944	0.052796319439382	9999	0.883962802738044	0.466727346921954	0.50222222	0.160000002	0.235555556	0.071111111	0.031111112
renWB_6.txt.bg	0.595093150599102	0.0630487459586709	0.170055524117543	0.103872868558512	0.0679297107661723	9999	0.854938388469632	0.55347690697632	0.441647598	0.183066361	0.167048056	0.118993134	0.089244851
