CD4	CD8	nB	NK	Mn	mNeu	m8	DC	Eo	Tr	m4	Mg	Er	mB
0.001	8.649804	10.086466	12.676391	1.352268	3.340413	2.449996	10.286943	2.857521	3.091418	12.390303	8.630532	12.227131	11.959815
0.001	4.135076	5.426442	13.39727	11.452445	5.707703	12.432158	2.647682	3.479927	9.387546	13.841562	5.343324	11.091766	1.6561
0.001	11.249214	12.74151	5.266838	9.659855	2.711947	11.92992	5.062268	12.72971	10.276153	1.401792	8.519826	3.759821	4.690146
0.001638	2.190326	11.616951	9.886917	5.806832	6.95626	2.749451	15.005942	15.240448	5.748864	1.609478	11.493239	1.485567	10.208087
0.001638	5.017943	12.759281	4.581842	8.824824	1.381303	12.616915	4.593585	5.235491	13.189752	8.874021	10.30598	1.885297	10.732127
0.001638	7.318419	12.092667	13.6991	8.081474	1.175009	12.443624	3.307658	12.411747	4.788738	8.424047	2.184795	8.716492	5.354594
0.002683	2.547955	6.693355	16.504487	3.017207	8.941145	15.820798	6.249645	5.233873	2.465338	10.973306	15.779338	4.535994	1.234875
0.002683	1.652381	8.082474	10.143005	4.439103	3.692822	4.826615	2.037322	12.080718	16.587629	5.532714	4.206987	10.073837	16.641709
0.002683	7.858663	11.805974	7.574801	8.175374	6.344618	10.22017	11.183494	4.215697	13.201731	3.552379	5.386167	6.444547	4.0337
0.004394	6.071845	12.078651	6.102894	1.501805	6.278575	14.49708	10.69465	9.101039	4.708398	3.811097	6.313757	9.209649	9.626165
0.004394	7.911986	12.861859	17.353884	0.433721	7.284139	1.057851	4.519789	9.466738	6.327111	11.82277	5.270671	2.849979	12.835107
0.004394	12.183094	12.182997	7.331455	8.053634	1.31644	13.046532	2.66807	5.891554	8.919034	11.929665	12.392461	0.267786	3.812885
0.007197	10.125097	3.088013	1.362819	16.116714	3.831817	1.475644	10.061619	9.754147	11.821708	11.312461	6.564881	1.616345	12.861538
0.007197	6.434115	7.883863	7.528161	1.451941	6.065094	10.715398	6.66903	10.512502	12.712381	1.372697	10.706602	11.887792	6.053227
0.007197	6.025595	5.145523	2.263195	2.215132	10.281703	16.198395	12.188903	12.695319	4.252525	4.150524	11.801624	4.215105	8.559259
0.011788	3.56388	10.434924	11.277101	10.140519	9.249192	4.750349	11.243078	3.949447	5.52183	1.883557	8.911488	9.542795	9.520051
0.011788	3.058192	7.219973	7.895231	21.008256	4.541837	1.224761	11.860487	9.251205	2.559133	12.621169	0.336086	7.077206	11.334677
0.011788	9.039569	9.691358	17.039975	6.595195	0.903328	5.891128	1.902662	9.884765	5.610362	5.201735	0.027533	16.369465	11.831136
0.019307	1.727046	3.339081	18.846134	9.75463	17.445963	1.800655	13.763488	12.415973	5.639143	2.912185	3.018267	6.40027	2.917855
0.019307	9.37861	11.200471	11.757514	3.660724	5.268922	13.069848	11.615972	4.442143	6.527292	0.918379	13.181422	5.118329	3.841068
0.019307	7.959875	9.792477	12.590981	18.53623	5.268101	2.679665	0.060919	8.362257	11.459327	15.518766	3.211819	4.275745	0.264532
0.031623	0.507289	12.045767	2.129231	14.628664	9.019289	9.470443	7.407624	0.014496	7.551134	2.817075	7.758868	15.869527	10.748972
0.031623	0.283996	6.49771	10.594012	10.043965	3.625622	16.787366	0.125039	4.73111	2.912199	2.88568	15.148489	9.071965	17.261222
0.031623	17.121732	6.842816	5.501065	7.475354	2.292628	9.173731	1.988887	1.643994	7.977994	9.331541	14.043053	0.855732	15.719851
0.051795	10.4028	3.81989	3.179422	13.506817	7.182933	7.754172	12.125849	9.039229	6.229623	1.886054	13.540662	9.545623	1.735131
0.051795	9.60251	7.588684	4.432907	3.217209	11.364804	10.662281	3.817172	2.811506	10.540567	7.464898	7.764863	9.363155	11.317649
0.051795	11.388215	12.516602	2.425391	2.573296	6.414817	8.727104	11.225302	5.195399	10.437759	6.901947	10.551923	9.369528	2.220922
0.084834	12.249606	4.667385	1.123469	5.117831	2.211393	14.360773	1.34469	7.311326	11.913751	11.539657	3.380718	9.379589	15.314978
0.084834	14.25792	9.819639	3.071829	6.984191	14.689164	13.993847	0.30533	11.869237	0.121213	7.783007	4.558137	3.773367	8.688284
0.084834	10.514196	9.801167	14.450991	2.087495	2.778604	11.383569	4.605004	8.924135	0.778007	12.006781	1.563861	7.235458	13.785898
0.13895	2.497285	1.280704	19.796487	2.836306	5.418958	7.762238	19.112857	7.553906	8.655584	0.31489	2.825259	17.939286	3.867292
0.13895	4.357503	3.057055	6.190934	14.182802	15.762032	10.391681	3.671477	12.954945	0.203253	7.961568	16.312872	0.750489	4.064439
0.13895	6.480374	1.203499	8.083515	8.07735	6.168084	9.628508	10.651015	13.403174	5.417903	9.28862	3.500145	7.126777	10.832085
0.227585	8.338451	6.432051	5.731915	0.855395	9.802129	11.107612	11.31302	11.988926	9.729378	5.707448	12.612909	4.058998	2.094182
0.227585	9.653999	7.922125	0.383469	4.323973	4.699083	13.544924	4.172971	4.011305	10.483878	11.342181	6.579554	11.587622	11.067332
0.227585	5.071084	11.614581	1.655389	15.587659	4.212051	17.819572	0.083557	9.042409	8.213414	11.683263	10.346585	2.013227	2.429624
0.372759	1.581775	0.549616	5.283126	10.709712	5.658411	15.711362	0.627114	15.697309	2.575766	13.751566	3.50042	15.854216	8.126848
0.372759	9.758522	4.038953	0.702102	9.071479	13.126228	8.993349	13.292198	12.569554	8.829212	12.947158	1.776294	4.297233	0.224958
0.372759	2.133073	10.847793	17.204937	1.264684	4.019027	6.469693	3.962106	5.547802	1.301005	14.138367	2.873922	15.706247	14.158585
0.61054	1.78671	3.69509	2.82316	9.403358	7.265094	11.818657	0.319804	10.681206	5.581589	11.290093	13.71896	8.036298	12.96944
0.61054	6.737635	3.468312	6.321848	9.617533	13.56709	13.081468	13.476085	4.910436	3.201783	6.817837	14.11258	3.626693	0.450158
0.61054	7.210884	2.910857	5.250118	7.87688	8.422022	11.725022	9.334306	0.519674	8.366356	14.743011	11.3045	10.351803	1.374026
1.0	3.410641	2.597033	13.771687	4.906302	0.188824	11.23129	8.185789	12.140848	8.416849	3.741615	12.424614	5.243365	12.741142
1.0	1.006964	10.988707	1.173012	6.129895	9.710528	17.011235	16.31706	9.242385	1.17786	16.585333	1.005771	2.995309	5.655942
1.0	5.588813	7.417519	6.382926	6.776286	11.981372	0.182647	14.300065	11.170921	15.361374	2.846664	7.222462	9.709622	0.05933
10.694942	0.001	13.772368	6.144376	9.031397	9.695885	2.38734	1.88027	5.756695	4.929389	13.118684	11.633922	3.143548	7.810183
7.910221	0.001	3.454401	11.558155	0.522697	11.355859	17.201744	12.473108	2.80671	1.101479	6.579862	3.504356	8.378871	13.151537
9.044669	0.001	3.141031	11.99146	7.649123	8.185668	11.078933	2.523935	12.195583	5.127143	12.261643	2.129074	3.727597	10.943141
1.637358	0.001638	9.110263	4.154461	10.488273	5.955171	11.360761	0.118367	12.307445	0.305537	9.11311	12.85471	12.359323	10.233584
9.278433	0.001638	6.582358	9.33687	6.414422	3.93811	10.827232	7.116609	8.294069	11.134782	11.240263	5.003877	4.160421	6.670917
3.479636	0.001638	7.495175	12.427413	11.280863	8.184258	5.408951	12.271153	5.686796	5.843894	10.942025	8.714337	7.90572	0.358141
8.023027	0.002683	15.758378	2.512476	1.914058	1.240222	2.552838	9.066739	9.243589	0.290927	5.079368	19.537012	16.604839	8.173844
4.532803	0.002683	6.464794	2.443737	15.015647	15.566332	4.849238	9.211879	5.856887	5.222415	5.553658	3.118083	13.815325	8.346517
1.791469	0.002683	2.569825	13.602556	14.425085	1.092028	11.713816	8.985274	6.985674	5.271777	11.578887	12.704822	1.087892	8.188212
9.047687	0.004394	8.56033	2.637487	0.293886	6.538313	15.045286	14.178323	14.555499	7.128689	2.474849	5.069008	2.312231	12.154019
2.81336	0.004394	8.37292	11.227856	12.468822	9.968759	1.532551	12.937411	10.567954	8.338359	2.762444	1.29429	8.639809	9.071071
10.821185	0.004394	10.677712	9.055747	10.190525	5.20518	8.278517	9.864173	5.199433	7.375041	10.910137	4.07202	0.15872	8.187214
3.148696	0.007197	6.416598	10.031673	13.018028	4.65671	3.637837	5.21234	6.898762	7.020877	5.754276	11.843756	12.747732	9.605515
7.332858	0.007197	3.736259	8.900394	11.074921	1.831713	2.949047	8.615163	10.986316	7.461189	7.017821	9.946633	10.779128	9.361362
2.637265	0.007197	16.814878	1.475673	2.735896	15.79311	9.205958	4.802287	7.876403	14.800296	6.67363	6.508593	10.429267	0.239545
5.3237	0.011788	7.847933	9.41391	3.296157	10.259736	5.177574	4.59871	2.421778	1.803449	13.853688	12.494887	12.936786	10.559903
3.930766	0.011788	4.61031	9.786776	6.283427	5.931333	7.05122	10.503624	10.724134	10.576395	11.563887	6.147081	2.195647	10.683614
5.269939	0.011788	8.140484	8.405856	3.46928	3.405	9.753824	5.020604	11.514774	4.482132	13.058425	1.855979	12.462969	13.148946
7.260482	0.019307	1.375853	5.44224	9.344997	9.543494	13.652034	4.633803	4.437214	5.717643	18.282876	4.069517	6.391032	9.829508
12.398852	0.019307	12.974945	7.696775	2.212958	1.42392	7.042619	6.346556	0.063489	13.803312	12.482071	13.897974	3.499306	6.137916
4.375175	0.019307	8.558553	12.562582	13.811929	0.016467	8.851485	12.913374	12.468985	10.68035	3.563664	0.09628	6.291552	5.790299
10.342582	0.031623	2.184195	12.171528	7.929644	14.553482	4.624611	9.415354	7.257821	0.09864	7.206531	4.965322	9.095517	10.123151
5.203107	0.031623	3.287656	12.685113	7.759575	7.486924	8.51081	13.317856	12.979518	6.649993	12.379664	5.558347	4.138126	0.011689
7.571216	0.031623	0.067753	17.142209	2.262702	11.944054	6.134156	14.332334	0.182324	16.78801	8.119305	0.091714	10.860721	4.471879
8.981303	0.051795	10.732501	3.270612	9.585138	10.616875	13.138004	10.528971	3.513841	8.732751	9.303289	0.632252	2.06433	8.848338
11.792486	0.051795	8.320729	2.093882	14.95483	1.000941	3.229758	13.45925	3.27549	3.615958	13.723326	3.362869	5.125821	15.992864
4.742792	0.051795	12.428493	0.626367	2.075631	10.781007	14.001428	5.997265	16.492171	14.757395	0.940283	6.040975	10.482772	0.581626
10.64419	0.084834	13.578031	14.120665	14.668383	0.011695	0.383741	5.113007	3.273655	7.920241	8.284897	12.375022	1.456893	8.084746
3.581966	0.084834	7.697406	15.347571	0.673851	3.47469	8.465986	2.24448	15.575557	14.564467	9.972329	10.457294	3.376101	4.48347
4.397221	0.084834	11.074493	1.487374	4.086356	11.759124	2.86624	11.477289	8.949099	9.164089	11.57642	5.610081	9.042213	8.425166
7.400717	0.13895	3.522776	0.969344	15.212952	15.86362	0.846858	18.456557	0.369577	12.920572	3.680605	4.81888	13.231614	2.566977
6.959982	0.13895	12.016879	10.895933	4.188081	7.692331	11.094452	9.366646	10.706957	6.551009	6.548318	4.311154	8.60389	0.925418
7.40637	0.13895	5.430035	6.139146	8.135455	1.647848	1.634794	11.885556	12.358611	4.236236	5.99972	12.028218	10.909092	12.04997
8.260578	0.227585	6.826856	10.644463	15.284564	7.443681	4.185751	12.454701	0.714438	3.8077	9.163712	9.082145	6.650288	5.253538
6.745595	0.227585	10.333534	4.655433	4.413344	7.858063	4.166062	1.802751	11.712576	12.74023	4.625921	10.926232	12.396513	7.396161
6.679302	0.227585	4.113982	2.115916	13.262285	11.166695	2.323272	11.7684	9.133221	12.40327	9.600104	5.187087	0.803876	11.215004
4.107493	0.372759	1.079306	10.233968	12.431669	10.96152	4.079045	12.232389	4.68122	3.787791	7.599735	11.739289	8.445526	8.248289
12.248827	0.372759	6.353267	7.320267	0.216192	12.342834	7.057874	6.863688	3.22534	6.300858	11.492659	12.271584	5.80757	8.126282
6.029574	0.372759	6.864673	5.700631	11.40467	5.650775	2.907003	8.15796	4.462815	5.780088	8.565176	10.775507	13.655921	9.672448
3.679077	0.61054	7.94571	4.199999	11.492935	4.848164	12.748326	4.126813	14.25343	7.377418	5.684478	7.398947	13.136258	2.497907
12.632081	0.61054	11.215288	10.091239	3.685294	13.100664	3.695707	3.956905	12.192812	4.844565	4.889984	9.785857	6.564321	2.734742
4.350604	0.61054	2.781353	12.935338	0.506837	7.301587	10.66747	6.11061	3.857735	3.484434	14.124328	13.477386	7.98638	11.805397
18.020995	1.0	3.036568	13.045959	7.369991	9.757315	14.451312	4.675193	5.760845	6.817247	2.11835	2.169515	1.042421	10.734289
12.73544	1.0	11.200823	10.976961	1.592969	11.166673	8.650907	9.992575	6.461458	0.048723	3.565546	12.448779	3.013158	7.145988
3.018167	1.0	14.890365	1.162337	16.875213	2.956804	5.656031	3.292013	15.013772	2.406956	16.355571	10.644317	5.325811	1.402642
10.49966	2.912154	0.001	17.480487	0.720747	0.033801	11.830746	16.404986	4.273546	3.72387	9.467077	12.114075	5.237379	5.300472
1.056389	13.370322	0.001	9.192918	12.111628	2.702995	0.215139	3.1066	14.576242	10.868322	1.418275	9.948017	11.447397	9.984757
11.860685	11.432655	0.001	6.917904	0.22621	4.37193	2.482122	12.421096	10.959301	10.844035	3.539672	1.77896	13.003994	10.160438
7.830059	1.359759	0.001638	13.346101	7.907986	5.682288	8.162273	8.878896	2.203386	9.579696	10.599812	5.855034	7.339779	11.253293
10.152299	1.159697	0.001638	1.649645	7.556334	15.953224	16.899312	1.621479	0.462501	6.321412	12.381671	15.445199	5.381499	5.01409
7.628746	5.502516	0.001638	11.266068	6.51849	2.422569	9.933869	2.78038	7.478095	0.105655	13.954354	9.219044	13.907594	9.280982
13.093861	6.544272	0.002683	15.820051	4.955772	9.2242	13.397504	8.047495	0.496962	8.954833	5.804924	7.691862	3.864223	2.101358
6.273715	5.546577	0.002683	12.9625	7.886653	1.510916	11.163746	10.366117	16.519407	9.552902	7.591377	5.724169	3.695893	1.203345
7.133533	9.022339	0.002683	11.782771	4.4787	8.085391	7.918528	3.700031	10.852988	6.589349	6.552973	1.128672	11.724944	11.027101
4.063353	0.142913	0.004394	11.68432	13.76537	7.209838	13.717554	11.62987	5.45666	15.969663	1.024609	3.927271	0.17376	11.230425
13.704313	14.579004	0.004394	13.682726	5.529494	3.205201	1.692825	0.135949	2.79875	9.01252	4.500024	17.973318	1.316509	11.864971
0.745746	12.152	0.004394	2.450304	3.820394	13.980232	0.42245	7.495624	13.458649	8.274857	5.381507	3.696954	14.430439	13.686449
0.962003	4.004201	0.007197	12.668064	7.133138	9.257754	8.369033	11.303257	2.560561	7.995604	14.442443	12.316283	6.576228	2.404235
0.440578	11.291843	0.007197	11.541978	13.645819	3.639128	12.296239	0.846159	6.723663	2.801591	14.663335	9.38622	1.916879	10.799372
8.022656	11.23688	0.007197	3.901823	9.85906	12.901686	2.096156	6.891146	0.437864	3.16005	3.595109	13.966547	12.290519	11.633306
3.771124	4.371442	0.011788	2.862672	0.859888	12.982394	11.152971	6.484735	6.625383	15.398504	13.517024	6.394143	3.830462	11.737471
7.412179	10.157648	0.011788	9.253571	10.513027	13.216351	2.401679	4.565479	7.098586	1.05266	6.762089	4.027667	11.798829	11.728448
4.484328	15.560333	0.011788	12.483208	4.323638	17.070744	6.185887	14.836465	10.965391	2.973522	0.436643	9.945462	0.117474	0.605117
12.533361	9.100835	0.019307	2.063591	6.109302	0.197721	8.930819	4.087096	8.95396	3.418364	8.463159	12.196108	10.381635	13.544742
6.17128	6.780249	0.019307	1.608082	9.754763	2.31453	2.661289	12.573253	14.425217	14.636203	10.664103	1.808847	4.092463	12.490414
1.865699	12.331852	0.019307	5.177472	4.297716	11.985973	12.624414	14.905659	12.369383	2.583261	8.152981	0.264183	3.206326	10.215772
0.426419	2.811708	0.031623	3.456703	6.427997	14.048854	12.18133	5.290847	12.651993	2.576511	17.591356	14.664892	0.490099	7.349671
14.008746	7.88161	0.031623	14.098588	9.405822	4.242098	12.977798	0.955466	10.168367	8.914876	4.027081	4.857033	2.776932	5.653959
11.27735	9.564921	0.031623	7.884527	5.227703	5.328359	9.24545	7.969346	3.656561	4.245892	9.660397	6.188894	12.915323	6.803656
7.663167	5.394991	0.051795	11.836748	7.820099	10.967883	5.793941	10.926811	4.14537	3.929591	5.158053	10.457113	8.451301	7.403138
11.044808	11.075756	0.051795	2.00146	4.439857	13.131089	13.233578	13.003572	4.299206	9.748147	0.137297	9.009232	5.190024	3.634178
3.272211	2.37991	0.051795	8.435998	1.688508	11.210603	10.685403	6.617313	13.127602	11.624532	10.316228	4.182155	5.956792	10.450951
10.348009	3.417595	0.084834	8.995323	10.231522	0.266161	6.30628	1.663565	12.279493	10.479921	5.965421	9.40537	12.394892	8.161613
1.820093	1.598446	0.084834	5.408207	8.010384	10.789433	9.511405	5.543379	3.191192	17.437948	8.739085	16.394431	1.725134	9.746029
7.898999	3.888387	0.084834	7.19452	3.25584	13.283518	4.233961	14.204842	1.009894	11.692551	9.796917	11.437811	0.937736	11.08019
3.08863	8.575621	0.13895	11.06913	0.010973	13.085845	6.446099	3.648555	12.934372	1.165383	11.933466	4.245146	10.658693	12.999137
6.618489	10.649123	0.13895	2.031366	10.397384	12.633844	4.552897	2.537049	8.643273	10.937997	6.464173	10.315411	13.834199	0.245847
8.076064	10.40964	0.13895	9.552969	9.935808	9.781884	0.313523	5.976357	4.216918	15.588904	2.094652	11.650726	8.751571	3.512034
5.979719	13.417078	0.227585	9.282178	2.480051	10.001925	12.266856	2.319202	8.688981	4.427767	13.480348	3.805122	12.327101	1.296089
5.052093	0.228032	0.227585	10.065877	14.9091	8.053546	6.233504	13.170924	3.617782	7.938093	14.642031	7.909652	5.822863	2.128921
10.18405	12.019968	0.227585	11.077618	11.677453	4.392306	7.736824	10.864531	6.477767	7.215794	9.689569	0.465921	6.539671	1.430945
1.651861	2.759494	0.372759	14.749971	16.152149	14.706139	3.91427	12.114544	14.895503	11.404799	2.725163	3.699801	0.496031	0.357515
3.720853	5.578503	0.372759	16.813356	0.898603	1.911706	16.296574	13.80262	3.680889	1.657362	3.766503	5.278164	13.739905	12.482203
3.39507	9.780498	0.372759	17.045025	0.342096	7.971825	9.266567	7.175502	7.685614	18.223921	5.130639	6.768471	0.180355	6.661657
4.288322	8.861482	0.61054	2.30875	9.942894	9.233667	9.07288	1.500245	5.626852	1.168643	14.43718	14.546713	12.876702	5.525129
5.956469	14.513461	0.61054	13.443876	7.681173	9.573687	5.872038	4.972194	3.546933	1.725853	11.719414	3.67278	7.905782	8.805799
11.906701	12.475497	0.61054	8.180675	8.20843	2.03141	2.096629	9.938151	2.825219	12.860718	5.543219	11.149962	1.414441	10.758408
12.026364	13.421745	1.0	1.548396	1.26498	9.482915	5.274124	9.04534	5.054885	0.16012	5.939415	13.601219	7.433844	14.746653
1.219299	3.761751	1.0	7.588072	12.302876	8.701385	16.546808	7.191277	10.598342	4.688053	3.693381	7.925107	8.575073	6.208576
0.788638	6.291623	1.0	1.425269	6.385018	18.532399	9.376922	0.078072	18.517823	5.997715	0.981021	10.397259	3.029012	17.199229
10.661167	9.040588	7.93978	0.001	10.522044	4.693635	7.568753	3.169541	11.505563	3.544004	5.772381	9.303615	13.961396	2.316532
7.033532	9.757469	13.019352	0.001	7.951799	5.771683	10.153824	9.010385	1.586856	8.743611	7.383793	0.157651	13.71278	5.716266
7.181009	9.543503	8.239158	0.001	5.303883	3.468036	8.269928	4.658755	0.886095	12.342282	8.948517	12.139333	10.57648	8.44202
0.70161	9.424297	11.522935	0.001638	2.462415	4.879224	13.412565	8.978669	6.111416	4.916039	6.852589	5.095276	13.557965	12.083361
4.817281	13.209552	2.642771	0.001638	6.101469	4.911157	8.875441	13.192591	1.958116	4.568322	4.798905	11.912805	9.738646	13.271306
6.861685	11.458148	0.086735	0.001638	6.604378	9.042071	8.530942	6.684684	5.58117	9.827397	3.340924	13.763534	6.007691	12.209002
5.937323	9.234816	3.569266	0.002683	4.542834	10.288365	16.90616	1.438685	3.097209	15.114711	16.122004	0.170387	11.199156	2.376401
5.069474	11.41633	7.071341	0.002683	10.775484	8.482827	6.943866	8.244781	6.179871	7.535955	4.290255	10.034786	3.193797	10.75855
6.777751	0.803646	12.734854	0.002683	11.42111	12.834744	8.797144	8.873657	5.157248	7.030896	8.749489	1.950719	4.076568	10.78949
5.296194	10.828436	15.715707	0.004394	12.292443	3.564002	5.06578	12.941882	9.258807	7.644922	2.812215	9.146911	4.702796	0.725511
11.293544	0.910945	1.149034	0.004394	9.271436	2.028259	10.074612	12.85391	13.851437	8.389221	11.93659	10.144987	3.597061	4.49457
11.466611	0.67437	3.736779	0.004394	14.229589	2.716574	10.616398	3.567336	14.920354	0.839689	10.149977	8.284518	14.50186	4.291551
17.628216	7.758521	7.136835	0.007197	3.123533	17.140605	0.588795	11.570993	13.871423	13.887378	0.85495	2.666135	2.685525	1.079893
9.58211	8.070213	6.193238	0.007197	7.375966	1.533244	8.459899	8.347462	10.571851	5.387322	11.527561	11.289972	0.82227	10.831695
9.593734	13.713367	18.836972	0.007197	7.33963	7.643294	0.439725	1.218245	2.975845	4.138597	2.550749	16.908763	8.5732	6.060681
5.861855	11.757599	2.129219	0.011788	14.334823	7.040173	0.247011	9.202443	8.947941	13.129339	4.240177	9.899839	12.464596	0.733199
8.151373	4.786604	1.18547	0.011788	13.569082	19.385532	8.289687	1.233386	2.825548	10.901464	13.028525	9.706712	0.231578	6.693251
14.98582	11.152967	14.356315	0.011788	0.39734	7.100729	13.522959	8.222811	4.409481	2.637523	10.126794	3.213657	1.386041	8.475776
8.75359	10.994236	9.979988	0.019307	3.725035	3.368901	7.13138	8.23342	9.897422	3.477746	11.446759	10.009512	9.575903	3.386802
0.625628	12.060118	9.904792	0.019307	0.540169	9.334935	0.770743	6.025102	12.581059	11.044723	12.851062	2.631648	10.184823	11.42589
7.946066	5.057386	0.6081	0.019307	3.518712	11.603939	9.295019	10.068396	12.005788	5.573083	11.953686	9.643412	2.94128	9.765826
8.872958	9.522361	11.876299	0.031623	1.080928	1.447745	12.403663	7.32966	3.135848	10.346796	6.1061	6.547104	11.397606	9.901309
6.232233	9.807153	0.414617	0.031623	5.758654	11.854648	5.073052	3.259138	5.432162	16.530195	16.368135	9.105105	5.56008	4.573205
3.569403	6.771915	6.067847	0.031623	1.537452	10.264292	12.003994	10.405289	10.541018	12.498786	11.578997	11.685677	2.874367	0.169341
1.58218	1.723611	19.305614	0.051795	7.07728	11.216149	2.664513	2.637496	10.699034	0.88744	25.614583	9.025081	6.176327	1.338897
1.135406	8.961739	3.538496	0.051795	13.857478	8.867264	9.469519	3.9345	7.065651	3.588618	4.724246	15.395687	5.585393	13.824207
11.102307	0.796785	2.478875	0.051795	15.273905	0.068412	11.144354	3.608576	7.075966	13.561151	7.052428	1.731196	15.554798	10.49945
13.947256	9.89345	15.210091	0.084834	7.423635	2.517857	16.018542	4.617832	1.073138	6.543188	6.450378	1.030945	13.778171	1.410684
9.280422	9.356695	2.130236	0.084834	10.88656	1.609675	9.400006	12.583923	12.248253	3.783728	7.523955	9.304551	7.21134	4.595823
10.327128	7.200331	8.480025	0.084834	6.467796	11.075296	0.469325	8.956027	0.014269	8.847067	12.336512	8.975035	10.069944	6.69641
4.668213	10.323522	5.164928	0.13895	2.128601	11.681956	7.371167	8.324493	4.492391	4.010289	10.950705	9.896315	8.940108	11.908363
8.917508	9.837208	7.209524	0.13895	7.382952	8.407876	9.183349	5.989024	9.872512	4.270716	8.749269	0.621719	9.116285	10.303109
9.848861	12.978039	2.45666	0.13895	10.610898	4.007129	12.443201	7.783016	5.741427	8.754009	14.312004	0.967668	2.467199	7.49094
14.772182	12.516579	14.709951	0.227585	2.27458	10.080471	14.136082	7.262317	4.683069	4.929915	6.618075	7.438283	0.123333	0.227579
10.634624	3.782533	2.430363	0.227585	6.812062	13.124074	13.036193	3.555569	1.628107	12.977194	8.857389	3.617657	15.430469	3.88618
9.480015	3.12039	10.922731	0.227585	12.959983	10.98342	4.085885	2.998289	4.512474	12.993176	9.100497	13.356968	1.892528	3.366059
0.519013	9.010566	2.398946	0.372759	6.916515	6.907363	12.830166	12.630751	12.529677	9.417002	2.56182	11.719276	8.943418	3.242729
6.288691	14.321372	0.332944	0.372759	11.681681	4.383095	2.137086	6.341781	7.704524	10.850971	15.401908	11.691466	6.205226	2.286496
19.476901	2.801179	9.04194	0.372759	0.542383	1.760471	12.025317	2.898918	1.113546	19.000582	5.639916	6.700685	11.065454	7.559948
6.323703	6.466244	7.336073	0.61054	7.188739	13.770704	7.65713	12.554401	2.362301	4.948391	4.234976	10.0934	7.754035	8.699364
0.827717	10.734014	4.776882	0.61054	3.73021	15.341251	15.839619	6.068695	5.479158	3.508869	13.226148	4.433177	9.631014	5.792707
12.203251	14.228577	7.170583	0.61054	12.93579	2.298894	6.530948	6.523575	3.370032	9.65231	5.318505	7.806158	2.434989	8.915847
12.072461	13.153531	12.361085	1.0	4.14763	8.662089	3.653102	1.032551	10.705033	4.117302	4.589851	7.803253	8.305189	8.396922
4.93631	4.829752	11.016892	1.0	7.855929	12.043203	9.991035	8.331027	1.049009	8.716747	4.318659	4.11145	10.081933	11.718055
5.493062	2.70628	11.093922	1.0	9.827883	4.549106	9.148194	12.769424	5.514546	7.124899	10.483263	10.064727	0.413691	9.811002
3.326103	5.823641	11.001156	13.546908	0.001	12.179326	6.851346	9.190174	12.096268	1.872177	5.200905	5.196797	1.795727	11.918472
6.115423	5.537398	7.241813	10.612662	0.001	2.918864	10.344316	11.05206	10.359773	2.148983	10.316366	4.950913	10.859117	7.541312
5.612007	0.956426	9.92734	9.190313	0.001	18.380055	3.749364	17.905036	14.51781	7.396489	0.478902	0.735581	5.160403	5.989272
8.01294	13.260106	2.239318	7.929557	0.001638	6.633716	11.366102	7.692063	7.107727	7.410305	10.746394	4.526103	0.202885	12.871146
10.697749	12.150164	3.633205	4.206312	0.001638	3.148949	9.554411	10.016738	5.509643	7.465302	6.878258	5.646359	11.680689	9.410583
16.054493	7.326538	3.334683	5.468644	0.001638	4.566079	1.794971	7.849837	5.830429	8.052898	18.373164	2.466731	6.817008	12.062888
13.444487	4.890184	13.897422	4.181085	0.002683	9.648424	0.543805	11.620555	5.326507	14.328001	7.687327	3.422335	5.673451	5.333736
3.492671	12.681023	2.721696	14.430335	0.002683	7.754448	8.480501	6.164833	11.240949	8.212967	7.322811	1.811513	6.510748	9.172823
0.086832	12.7606	8.022465	0.505751	0.002683	2.494344	12.746298	8.870873	13.480707	7.719545	9.317971	4.927652	13.830445	5.233836
1.100113	7.929487	12.475698	12.768019	0.004394	12.906257	4.036256	10.655063	4.459108	0.831036	3.563442	2.527865	13.530347	13.212915
0.932045	8.057384	4.354832	12.295484	0.004394	10.525653	8.707391	4.196246	1.364136	7.749049	16.106994	9.38516	0.876481	15.444754
8.043821	13.170344	9.096332	0.146771	0.004394	9.876626	12.342328	10.12365	1.12562	2.85676	7.614079	3.476067	12.709126	9.414081
16.537238	8.400324	16.09351	0.924046	0.007197	1.495951	0.324033	3.247658	0.355352	4.961045	18.156541	1.51726	18.260199	9.719646
17.074816	14.716251	5.850184	14.231821	0.007197	2.054935	7.043517	0.0976	5.510464	1.747247	0.652456	15.081237	0.05423	15.878044
1.521102	6.96364	2.202849	5.751129	0.007197	15.215233	8.977689	1.458708	10.774024	7.488661	10.115215	11.454536	17.225067	0.844951
10.4039	6.186517	10.218571	3.676739	0.011788	3.584298	8.939581	8.833651	10.796057	9.574695	5.86501	6.71391	11.25539	3.939894
4.019062	0.854132	0.511176	4.224991	0.011788	0.30714	16.238723	4.260786	16.60905	17.65381	8.142804	7.352452	1.058173	18.755914
7.394665	8.19113	11.79022	6.989567	0.011788	3.416925	7.233763	1.023473	9.812505	3.136133	10.60874	9.866656	8.475489	12.048947
3.486914	5.480775	3.85663	10.857413	0.019307	13.315873	6.249268	7.623501	12.94017	9.196937	4.891498	6.191792	3.722745	12.167178
4.531068	4.944268	11.188762	15.342447	0.019307	1.370504	7.532409	13.402117	13.836932	14.315764	0.66298	2.21223	1.127298	9.513914
7.920441	6.753608	4.084998	13.014569	0.019307	3.399822	2.749636	5.017984	11.798091	9.782108	2.244738	12.918721	9.484658	10.81132
9.346586	3.123252	10.631601	9.730382	0.031623	0.790213	10.282836	9.062718	4.207868	9.917787	9.253993	10.630829	6.794636	6.195677
5.878347	5.428154	12.747806	5.756217	0.031623	3.347202	11.171571	5.936237	10.457588	7.721713	14.160214	2.639948	5.801875	8.921504
9.792729	11.732303	9.725325	7.278355	0.031623	10.967919	8.240264	5.495272	9.300434	6.923637	11.250814	2.244264	6.463969	0.553094
10.449474	11.76468	10.830926	6.007457	0.051795	4.133118	10.064148	9.627199	5.319192	1.754915	11.518865	0.974514	12.113907	5.389811
1.044176	17.755142	0.782322	19.665776	0.051795	6.905082	16.610676	0.512289	1.994673	10.712092	4.933249	10.738254	3.595327	4.699148
3.185882	9.958145	0.442701	11.63411	0.051795	5.574046	12.63977	8.535293	8.12903	10.465107	8.308232	7.253603	11.270043	2.552243
10.7633	14.74998	0.445566	9.357787	0.084834	7.841665	5.361292	6.709789	1.938213	3.537858	15.035701	8.876308	4.580362	10.717344
13.60051	7.019778	4.862168	8.259551	0.084834	10.959632	3.985478	9.851748	5.787733	12.026119	9.546484	7.351648	2.816304	3.848013
3.617541	9.860366	12.555581	12.846586	0.084834	3.587216	3.95571	8.391987	10.653639	3.565976	11.142146	1.319704	10.103596	8.315117
3.624366	10.228343	6.008099	1.822512	0.13895	15.237091	4.380266	13.536455	8.746023	5.105445	11.371151	1.912632	12.382663	5.506004
9.145314	4.229632	7.544017	4.992708	0.13895	0.912655	11.293807	7.992775	12.865169	12.606671	2.623844	1.409841	14.058264	10.186354
7.040447	3.160918	10.161907	7.969442	0.13895	10.997973	10.077695	9.522129	8.664586	1.494114	9.599288	9.611799	2.304877	9.255875
2.799665	8.235298	11.389022	3.617663	0.227585	8.229822	7.412665	7.963598	14.371182	0.917864	9.122219	13.409333	9.666505	2.63758
2.950711	14.508113	11.195141	12.681411	0.227585	3.141203	2.022667	10.204399	0.197466	6.286474	5.789121	15.203225	13.566658	2.025826
14.151924	10.230799	3.572748	16.142466	0.227585	3.509291	0.173436	4.079347	5.29662	11.40823	15.9609	0.540451	9.077892	5.62831
12.312388	10.038376	11.356888	3.739823	0.372759	13.081789	11.873654	5.254274	3.464275	0.738774	9.731265	3.4561	6.322165	8.257471
7.756717	14.480329	6.002184	13.40221	0.372759	2.192207	0.868304	11.917901	12.450295	8.254214	11.020974	1.993036	5.693161	3.59571
6.72793	6.636537	8.784217	7.609781	0.372759	9.566433	4.82815	10.749745	4.687766	8.811867	9.215776	6.684834	7.075165	8.249041
15.310787	5.409679	15.535576	13.580348	0.61054	13.402915	4.583747	7.954646	8.46274	3.105359	2.22473	0.51304	9.223124	0.082768
1.959597	11.220943	12.497787	11.682602	0.61054	5.403435	2.175535	6.378329	3.290277	7.274854	6.476607	12.722762	2.540925	15.765807
10.492573	8.009621	7.760062	4.753575	0.61054	3.607514	1.541848	8.636188	4.989044	11.048524	11.237189	14.655677	4.574825	8.08282
3.103083	4.177187	1.023991	12.340599	1.0	3.991792	11.690346	2.120196	9.552452	13.370097	10.863726	8.894574	9.488878	8.383079
2.59958	11.209954	10.908821	6.276542	1.0	8.154714	10.751622	9.407995	6.456672	5.78679	3.963001	11.61807	0.580203	11.286035
8.933869	3.041767	9.293516	11.604075	1.0	10.375268	1.508283	5.938068	10.715217	4.386089	6.390098	13.157607	1.038061	12.618081
3.659133	15.12669	6.547052	2.517002	2.124054	0.001	17.372485	4.152356	3.902539	6.344278	14.303358	10.984065	3.042574	9.923415
28.997611	7.888109	0.140637	4.500843	8.463596	0.001	1.303287	4.241982	9.993002	0.686452	5.726866	11.272572	8.453686	8.330358
13.042821	11.132429	11.326828	10.310387	7.304736	0.001	9.753691	3.162507	11.702242	2.311022	3.908007	1.538575	13.5948	0.910955
8.324809	0.565098	15.082211	1.742157	5.078778	0.001638	13.542727	9.131153	4.777391	9.984689	19.697481	3.884341	0.195999	7.991528
11.056878	4.321466	10.273502	3.856369	9.164431	0.001638	9.091235	12.89356	1.183792	6.151566	1.667803	16.87403	4.589852	8.873879
7.981279	10.329289	1.902079	2.025463	10.569426	0.001638	4.666713	9.72182	6.708841	9.50262	10.584597	11.32975	6.834307	7.842177
1.015881	14.480528	6.649874	3.655158	4.067171	0.002683	10.615361	4.054126	4.102905	12.991323	12.107567	11.181688	8.747967	6.327769
11.577944	2.969286	8.081937	8.329076	1.532724	0.002683	7.956463	4.133025	7.474668	6.3867	9.33066	10.801236	12.15359	9.270009
8.668639	2.1166	7.493774	11.106405	1.87338	0.002683	9.746795	12.224458	11.068768	7.866024	5.222581	9.327122	8.253369	5.029403
2.048653	8.8687	8.484129	3.867312	8.348599	0.004394	9.597994	7.289636	9.20181	6.834001	9.162155	7.362883	9.850104	9.079631
6.438855	12.256649	12.133514	10.055299	5.410054	0.004394	7.977232	6.620025	8.932075	2.715069	3.86861	11.12804	5.031703	7.428482
13.575337	5.077113	3.131831	10.099256	10.460268	0.004394	6.978786	6.422427	11.316128	2.521697	8.132854	5.849254	10.76759	5.663065
11.542677	7.628808	9.305163	7.882456	0.557594	0.007197	8.083421	2.088581	6.232928	10.752033	10.861349	9.921327	7.509511	7.626958
8.467543	7.710918	4.275155	6.783996	11.705783	0.007197	20.392393	4.485779	6.769959	1.760804	2.231212	10.511596	1.385955	13.511709
14.52438	5.790868	2.127759	9.111008	0.815516	0.007197	1.645024	9.631361	15.557279	6.247054	4.361484	8.347711	9.315866	12.517494
3.54141	14.579941	2.144667	8.636674	1.676658	0.011788	7.75711	10.043198	3.428475	6.34403	6.432769	10.296356	10.243892	14.863032
6.612494	3.598629	8.89085	13.39677	13.126319	0.011788	6.372998	8.818985	2.110757	9.863764	4.369785	2.120837	13.054751	7.651274
5.260852	10.61121	8.62927	1.321754	12.642199	0.011788	5.207785	12.594002	9.487409	4.992165	5.998112	9.612373	1.848435	11.782645
0.430937	11.166739	8.079919	14.063668	20.09282	0.019307	4.887522	2.968838	18.956909	3.455395	3.586819	2.169832	6.738131	3.383165
4.331726	6.278992	0.025686	9.039646	0.095577	0.019307	7.593271	1.127313	11.771379	2.053434	14.061683	15.784753	15.71184	12.105393
15.93233	10.068206	4.370268	5.541461	14.787031	0.019307	2.212885	3.933791	7.929048	14.001943	1.770172	3.331319	11.036782	5.065455
7.757335	10.925759	8.215415	4.690336	0.383548	0.031623	8.145765	9.700393	9.667953	7.163003	14.553486	1.359947	3.397187	14.008252
6.381365	1.135839	10.407505	4.760769	7.598434	0.031623	14.041199	12.281748	10.854377	2.783399	1.199572	9.63037	15.012201	3.881599
8.466344	14.385298	0.130107	13.059546	13.512865	0.031623	7.71638	0.964249	6.667087	14.05517	3.051616	14.63315	1.593991	1.732575
5.960776	11.466833	13.727599	5.243874	8.350768	0.051795	10.854066	2.671147	0.392349	10.272488	7.497461	2.455162	12.984496	8.071186
10.812574	1.29009	2.044198	14.299457	7.213769	0.051795	6.827735	15.533105	9.362432	7.336515	11.568307	4.917751	7.502865	1.239408
11.279017	9.395972	11.211074	11.072541	10.782122	0.051795	2.431924	3.095926	2.700845	10.234743	8.947011	10.347017	4.010209	4.439804
9.987034	8.548487	6.889276	5.898069	3.021255	0.084834	9.26643	11.244301	10.995934	5.007912	11.238708	2.542866	6.365214	8.90968
15.836608	4.99006	4.370933	5.155544	6.972733	0.084834	2.207786	2.300705	1.19885	8.832142	9.397978	14.142606	5.125526	19.383695
15.128574	4.877576	3.223831	7.531601	4.890298	0.084834	12.936208	8.32756	7.913574	6.824982	0.02497	14.607084	1.380632	12.248276
9.496455	12.801189	10.463442	5.157709	7.234894	0.13895	5.275585	5.384396	1.736729	1.984287	10.117212	9.233378	9.097613	11.878162
0.354465	15.80617	14.888039	5.127552	14.082673	0.13895	2.248808	15.011959	5.964494	8.986864	13.487138	1.647244	0.061344	2.194301
12.875861	8.638558	7.87845	3.672495	7.571756	0.13895	1.959525	3.904345	3.024703	14.62642	1.137206	6.507241	14.406928	13.657562
0.820108	4.26106	3.531025	2.380633	5.579838	0.227585	15.454184	0.603954	11.550105	1.175371	14.713737	10.570669	16.152526	12.979206
3.545696	15.101174	0.180629	5.585227	15.998488	0.227585	9.030237	2.511989	11.962727	14.716378	3.479126	11.652115	1.461144	4.547485
15.743355	2.377999	2.395635	7.51136	0.117217	0.227585	0.74103	4.839493	10.693953	11.155085	8.153876	13.792913	13.395764	8.854736
0.994541	0.531727	15.718702	5.319632	5.409443	0.372759	2.79671	10.160986	12.307184	9.530362	12.863122	1.524526	13.395387	9.074919
16.341366	10.820255	1.930273	8.148481	3.817415	0.372759	11.912092	15.452116	4.468376	5.169198	2.481632	11.26888	1.383015	6.434142
13.875493	9.374807	8.570793	10.016207	4.565314	0.372759	4.11541	1.997366	7.574125	6.376129	7.070035	6.786924	4.47517	14.829467
6.956854	6.655331	11.529965	3.33406	9.958947	0.61054	14.818578	2.653165	3.124519	11.076695	3.89045	10.200387	11.226404	3.964104
14.789454	7.364979	7.967337	0.47789	5.401134	0.61054	8.82106	2.529479	1.911892	10.917039	15.479408	8.149981	5.53882	10.040988
9.595478	11.91892	5.07505	6.82219	10.590116	0.61054	8.535367	1.17062	11.419198	2.740467	13.092825	11.150717	1.318595	5.959917
2.942453	9.882906	10.73423	14.321748	13.45739	1.0	12.970615	6.031206	8.50948	1.46394	8.652163	9.358244	0.123952	0.551675
1.268154	8.972471	14.975656	0.354823	3.326988	1.0	20.200432	1.663951	13.962676	2.137833	8.037088	4.648329	9.869381	9.582218
3.585717	13.960701	2.491292	2.778653	1.738741	1.0	12.789896	9.121887	12.226619	5.209532	0.289081	13.796044	9.127369	11.884469
4.43128	5.75882	1.281715	9.901459	11.532895	12.857864	0.001	10.070409	4.0133	5.020744	5.342917	11.275031	11.710604	6.801962
7.172163	4.191291	1.971464	13.953603	4.956837	4.642113	0.001	10.819636	15.40475	5.446402	7.090676	4.636355	9.201066	10.512644
5.053683	11.842526	11.780047	5.391851	3.392703	11.889422	0.001	10.13558	10.526479	10.940492	1.692516	10.367219	0.252186	6.734296
6.885631	12.24246	11.20801	13.02082	14.520383	2.969273	0.001638	3.883025	1.814471	2.250688	10.831916	5.783967	10.400003	4.187715
6.923811	0.42485	12.482611	11.893578	6.184002	1.705465	0.001638	7.551055	12.690186	13.633481	6.724435	0.549097	4.115988	15.119805
1.385617	7.326694	7.730345	7.887228	3.362679	11.724203	0.001638	0.428995	0.27955	14.194092	13.707337	12.466972	9.254444	10.250206
0.911643	7.952295	1.236789	1.560434	19.530661	3.289631	0.002683	12.487495	0.833019	8.589588	14.823525	2.375514	11.814592	14.592132
8.944317	8.834912	6.412578	11.805991	5.465597	6.396475	0.002683	12.479626	8.393839	11.914529	4.257031	10.215342	2.47701	2.400068
2.297548	9.45991	7.280791	2.034243	9.076113	12.188684	0.002683	11.742012	11.989699	11.552794	2.847762	3.894167	3.748184	11.88541
7.164373	2.533442	11.147258	10.59233	12.283541	8.681356	0.004394	5.830956	10.956552	0.371394	12.200652	2.042695	8.174789	8.016269
14.177929	7.969472	1.190871	11.72099	15.19228	2.034933	0.004394	4.205067	4.714565	6.713864	3.131461	16.23815	12.019598	0.686425
1.726142	0.699222	1.768978	12.995454	7.75393	12.011578	0.004394	13.071025	9.998001	5.256435	14.074175	2.046153	13.236813	5.357699
6.683138	8.665446	3.302099	7.890657	11.884605	7.446615	0.007197	4.21062	6.977678	11.483565	3.408571	8.491764	6.667234	12.88081
10.324214	7.39521	12.995951	5.102901	2.700267	2.479932	0.007197	2.33542	10.338951	12.248249	13.018792	6.118287	7.341542	7.593087
8.488114	10.370475	13.818288	5.152363	5.503788	6.519594	0.007197	7.064765	11.690975	3.959333	6.381832	5.103364	8.439226	7.500686
2.853345	13.428328	15.292582	14.899934	3.754423	2.954699	0.011788	10.090785	9.057282	7.086079	1.801189	5.011913	5.616918	8.140734
1.033087	4.181556	6.896245	9.371375	10.756564	4.09118	0.011788	4.036766	11.003021	10.781093	8.751344	7.73536	13.133178	8.217444
10.794442	7.979359	5.725823	12.384402	13.577315	11.374031	0.011788	7.961636	3.105021	7.461314	9.424892	0.396158	8.29749	1.506329
3.778219	6.252699	7.942155	0.015278	6.614789	3.304055	0.019307	3.697489	9.212729	19.713912	6.622279	10.110802	4.048498	18.667789
16.974645	8.633713	9.208406	5.062243	10.039337	11.666243	0.019307	5.691942	0.986128	5.839048	10.41323	2.665428	1.034939	11.765391
7.601392	5.782499	6.165391	9.610165	0.348323	13.269328	0.019307	5.655395	2.956552	7.313835	11.02335	5.905868	12.460401	11.888194
7.755916	15.079835	14.226326	10.805077	9.98088	0.865269	0.031623	5.489914	2.101059	15.723712	2.681688	2.742089	9.629077	2.887536
4.866672	8.613077	6.266743	4.828478	12.58414	8.824729	0.031623	11.685537	10.999917	3.947689	10.717849	11.358145	1.020583	4.254817
4.588975	6.461396	8.295186	9.97071	8.179502	10.538383	0.031623	7.540842	8.080616	0.345008	2.494648	10.504313	11.080589	11.88821
1.262129	10.33293	9.466154	6.354164	7.752316	9.559457	0.051795	11.267124	0.924039	13.170939	6.924936	5.95901	5.173337	11.801671
12.001628	8.368348	3.880545	7.466014	12.130798	15.087358	0.051795	10.122359	5.637992	1.051331	2.717062	8.799294	10.617709	2.067767
10.194176	8.680201	7.774877	6.757256	7.758139	12.322077	0.051795	3.429633	4.731595	8.742651	11.499698	7.687371	6.930326	3.440205
3.642323	0.244535	4.212058	6.46465	13.833706	11.804692	0.084834	11.009506	13.971358	16.122724	4.614598	0.301827	13.46733	0.225858
11.026354	3.716912	6.162369	2.182357	3.561788	11.184076	0.084834	4.665309	12.817839	13.763204	3.385683	3.360819	9.746435	14.342021
6.255642	9.707598	3.475016	11.625055	7.431618	7.612299	0.084834	5.345985	11.930926	9.251519	0.674192	12.358912	12.577616	1.668787
2.449672	9.607288	9.58333	9.419664	6.651515	11.84883	0.13895	3.784781	11.57514	4.027585	5.096658	5.277096	11.278859	9.260633
7.822642	8.507646	12.170537	9.309096	9.510393	6.295651	0.13895	6.524016	1.52636	11.218029	4.269401	9.211041	11.543608	1.952632
11.649719	1.467712	2.007639	2.770415	6.710013	12.689736	0.13895	1.066146	9.881967	13.135573	14.362579	8.698984	5.109082	10.311486
14.829366	7.131806	4.155955	4.730772	13.109569	6.823654	0.227585	10.952285	3.330287	8.568737	1.465088	9.349315	12.498315	2.827266
8.669241	8.775715	7.572702	11.933898	2.231521	1.293212	0.227585	8.043333	12.426634	14.750361	3.532708	6.21595	13.961439	0.3657
3.640515	11.49955	1.175402	11.018656	7.865406	17.005726	0.227585	1.250655	14.152862	5.620309	13.359908	0.58617	0.579389	12.017868
6.742818	10.983184	6.614991	10.942831	4.50233	9.962584	0.372759	3.240554	4.2261	5.813056	9.137298	10.204637	8.90545	8.351407
11.927364	7.050287	12.751925	5.661881	9.669902	7.826195	0.372759	9.139103	1.686792	5.004653	7.65003	4.75486	12.86488	3.63937
4.006881	7.407035	12.583272	4.645296	8.341208	9.872565	0.372759	8.214935	8.446893	12.177977	6.79294	10.325781	1.794244	5.018212
7.59716	0.833018	6.479859	10.338597	12.497782	6.13764	0.61054	6.563704	5.28754	11.655411	7.843362	2.263687	12.978848	8.912855
4.658702	13.544835	19.279746	2.088232	4.347337	11.05702	0.61054	6.790678	15.605856	0.515052	0.676802	13.115351	6.056148	1.6537
12.626595	4.281189	2.155589	13.691719	6.378257	1.144652	0.61054	13.130308	1.791676	13.178892	5.71041	11.746948	10.711912	2.841313
1.358065	4.566736	7.491391	9.823136	5.106668	11.754449	1.0	7.637302	5.967146	12.405072	10.447997	5.688648	11.910721	4.842668
9.743127	8.546672	11.680944	10.214576	4.033058	1.247498	1.0	4.000156	3.260523	7.395379	11.095074	9.148067	11.936763	6.698164
7.072464	9.424873	0.307979	10.920222	9.424592	3.228086	1.0	10.598871	3.772581	6.766387	10.451758	7.061671	12.480411	7.490105
4.786104	14.840199	8.942123	14.409154	6.851133	5.41119	4.64154	0.001	2.098664	1.851293	9.959539	12.050159	11.083181	3.074721
7.102895	13.211633	2.986667	3.905131	10.398633	0.759509	6.939754	0.001	9.531561	12.538503	4.547153	4.493332	11.068976	12.515251
0.147142	5.1429	6.502196	15.40316	7.805145	11.576909	14.650881	0.001	13.537865	2.4059	8.281384	7.304594	7.211917	0.029007
11.295019	9.020268	4.957678	13.050251	15.957403	18.081233	0.851386	0.001638	16.506555	0.488634	2.871613	1.911806	1.37076	3.635758
9.211973	3.400968	1.895243	12.65172	9.37456	2.64676	7.52473	0.001638	5.081515	10.77132	9.332553	8.299921	11.902661	7.904438
4.536328	12.955569	10.048538	7.719542	5.536042	8.183772	7.783267	0.001638	5.472649	0.668602	10.702101	10.169296	8.340208	7.882448
13.515901	7.620139	15.972187	12.137481	0.493789	6.234048	3.414877	0.002683	7.592912	0.503226	11.210349	2.881141	10.575358	7.845909
13.115797	6.527249	9.123415	8.378929	13.498187	1.004094	5.377151	0.002683	2.022802	1.905988	6.863061	11.462729	9.887874	10.830041
7.728903	11.200569	4.478137	14.169318	9.361879	3.147843	3.928829	0.002683	3.220129	5.474241	5.123154	13.382691	12.586087	6.195537
5.139887	0.559514	3.332746	6.075802	11.097172	12.75174	12.190546	0.004394	13.166524	7.850223	6.294507	11.934994	4.549475	5.052478
10.77504	4.591978	9.127705	5.376551	5.984112	6.346254	9.987183	0.004394	9.205718	6.241612	5.238404	11.186202	12.901645	3.033202
1.301604	12.6602	7.435405	13.445571	2.075006	11.170319	2.295148	0.004394	9.23437	1.356402	8.5098	10.577589	13.401114	6.533079
6.157261	7.426227	14.503275	0.075301	2.493392	15.090296	4.093523	0.007197	10.107296	12.624698	5.44204	10.665777	8.507163	2.806554
8.773623	5.537068	1.140196	10.599239	6.009328	10.429878	3.929234	0.007197	8.929696	10.958652	7.657113	5.438221	13.76146	6.829095
5.238963	9.786584	7.141958	9.779027	1.19443	12.71798	11.980585	0.007197	8.828911	13.037562	7.008147	3.535657	3.539891	6.203109
0.445541	3.620864	5.547944	7.464759	13.346635	10.084688	10.09498	0.011788	8.097694	10.459268	4.30026	11.967025	10.072838	4.485715
16.024223	16.572776	1.768446	2.395509	9.209064	12.989248	12.8309	0.011788	2.2148	16.269311	0.759368	2.484134	5.214106	1.256328
9.816569	12.517435	2.015904	6.321656	12.475186	4.077365	1.279301	0.011788	0.077655	11.756379	14.109229	5.875902	7.998324	11.667306
14.584041	11.977506	4.001203	5.838578	11.144527	7.13322	8.778076	0.019307	0.910565	11.039029	6.984708	6.415463	10.979165	0.19461
8.230108	6.678289	12.248264	9.299928	2.67991	18.742238	4.146872	0.019307	7.251677	4.42674	8.076132	5.595363	9.080278	3.524893
14.672622	4.843294	10.082212	2.858398	4.430653	5.806675	11.465528	0.019307	6.081782	13.056502	8.363785	10.986507	1.053449	6.279287
7.919479	8.363304	1.597219	6.887952	2.817312	4.912095	14.01272	0.031623	9.243201	14.498529	0.798023	6.296656	7.834601	14.787285
0.645072	4.353862	12.868546	14.26036	13.777634	12.386535	0.170701	0.031623	11.478756	15.786896	0.818068	7.362629	2.067226	3.992093
6.586351	3.969825	13.807155	13.989575	10.548249	10.959396	2.217384	0.031623	10.9648	10.902637	1.046033	1.782241	10.002715	3.192017
12.504801	13.839874	3.732375	2.097694	0.829884	5.895673	9.69158	0.051795	14.176655	5.116146	6.33726	12.356023	8.514598	4.855642
4.442267	8.989249	4.789084	2.040792	11.791866	4.595841	12.387931	0.051795	12.230328	8.255684	10.885178	12.034437	4.41159	3.093958
1.818124	3.615194	10.554843	6.254819	6.421518	4.477629	15.959797	0.051795	6.444477	1.128495	9.219644	7.400098	11.157034	15.496533
7.504889	5.918728	14.681005	12.733906	7.333624	11.069243	4.396159	0.084834	13.230705	5.234501	8.850799	1.791426	4.481839	2.688342
5.28287	2.828273	2.617651	5.275341	12.263814	7.197694	6.020167	0.084834	3.471626	11.917178	2.499629	14.937325	11.652728	13.950867
17.740757	8.538429	15.649584	10.239833	11.636657	0.343843	0.371078	0.084834	1.69115	8.861663	6.784665	4.237262	9.286855	4.533388
7.960759	0.667639	5.978989	13.536909	12.460163	10.855583	2.033603	0.13895	6.266862	2.980066	14.412135	1.960986	14.421798	6.325558
2.646868	2.832899	7.397973	9.830795	2.929869	15.34071	10.659736	0.13895	9.085302	0.241467	3.928456	16.429468	9.53012	9.007389
8.49977	13.792915	1.084591	1.665344	17.436624	1.169614	12.555253	0.13895	5.685191	3.196387	5.928096	8.030173	10.254262	10.562828
1.576534	7.769387	1.572519	5.06674	11.877881	10.694683	10.727333	0.227585	1.974734	9.321704	11.720996	9.951157	6.113973	11.404774
0.326115	10.504679	6.516995	0.719519	10.066371	8.014763	13.069679	0.227585	12.449544	8.747356	5.386664	8.763591	1.778677	13.428462
4.475378	0.094019	4.004626	15.483137	0.144109	8.565733	10.943025	0.227585	6.541102	10.713672	14.374634	7.858138	15.816226	0.758617
11.7795	12.880983	15.147708	5.568333	3.686109	9.760353	9.375931	0.372759	4.653268	1.399078	12.553628	4.617173	1.125177	7.080001
8.028362	1.762428	14.489834	7.116939	12.300291	2.120876	1.228134	0.372759	18.213619	9.733487	18.30551	1.374459	1.792088	3.161213
7.359356	0.608025	10.918148	7.647477	8.8686	8.944678	0.949774	0.372759	6.379005	9.302992	10.902961	9.972501	12.693603	5.080121
0.821449	6.762853	7.833482	10.671712	4.980695	2.4853	8.860889	0.61054	7.741006	14.465257	6.613837	10.506069	13.772918	3.873994
10.080438	4.965333	11.94575	8.87729	0.383356	10.10898	5.249311	0.61054	9.845426	5.758148	11.46364	11.608865	6.073413	3.02951
12.691112	1.937379	3.630594	13.117296	11.325429	14.763373	13.552968	0.61054	7.941066	2.111363	2.044424	6.984647	2.131794	7.158015
15.036044	3.849993	11.488119	8.245153	11.387499	12.117006	14.561503	1.0	1.171307	6.399667	0.146928	0.535056	6.174136	7.88759
2.41584	0.182702	9.535916	4.16771	10.999049	9.219491	13.161761	1.0	8.736283	5.339075	5.534843	11.936257	9.340675	8.430397
7.463677	7.983345	10.0691	3.215892	11.28624	1.394472	11.240376	1.0	0.533952	4.073548	7.294078	11.909869	11.333837	11.201613
10.624837	11.604943	7.595871	3.167241	4.523068	9.538072	0.072421	2.523824	0.001	14.696775	17.532314	9.237622	2.153229	6.728782
16.95275	15.71022	11.780285	13.532435	3.913532	0.095316	0.437879	13.277032	0.001	0.994278	2.1235	13.77809	3.073443	4.330241
1.687828	0.898855	10.039193	16.080051	10.471229	1.34826	7.103203	15.879174	0.001	13.452383	0.020028	3.858442	10.54101	8.619344
1.333282	5.494034	10.755574	4.129749	10.71184	6.805047	13.309851	13.002115	0.001638	6.776418	12.355062	5.501052	0.031325	9.793014
4.294708	4.757579	10.060793	4.198279	12.648313	11.313884	5.89865	0.699212	0.001638	5.797098	7.180421	13.88503	7.383485	11.880911
7.828257	12.690982	0.111402	10.269005	15.926975	0.772933	0.281469	1.482952	0.001638	15.951575	6.139452	10.632634	7.338975	10.571752
2.34435	10.347142	9.790848	10.187369	6.976818	8.854463	9.694171	1.914114	0.002683	7.500733	5.573188	4.630926	10.706199	11.476998
4.828637	11.85718	8.370968	0.655857	7.087405	5.881653	1.207787	1.862717	0.002683	11.855479	12.851116	8.782272	10.297389	14.458856
4.511093	2.851103	2.351358	4.04521	10.148277	12.823833	6.728854	7.685452	0.002683	14.397623	5.589349	18.838382	7.663376	2.363408
2.691436	8.805315	10.714751	9.24845	10.013032	5.783716	1.245176	18.565028	0.004394	2.629865	6.284031	3.716606	13.743987	6.554214
10.092882	2.001277	9.396745	3.352596	15.036058	11.129203	0.024225	10.435806	0.004394	6.097636	1.952714	2.197546	13.089626	15.189293
4.403443	13.439596	0.867714	15.997831	12.365738	2.927506	2.402072	4.363614	0.004394	15.457368	8.385685	10.23225	0.500646	8.652143
13.852409	0.098845	10.571188	4.244871	13.278206	11.009862	9.465671	5.161595	0.007197	10.423208	1.892988	13.533889	0.209473	6.250598
5.549172	9.577476	4.34387	13.233086	4.927942	5.277369	7.286083	2.252054	0.007197	12.013869	11.558492	9.261889	13.081927	1.629572
2.083855	2.279081	7.312014	5.605649	11.029263	4.923083	12.517614	10.289824	0.007197	14.145193	5.973103	8.475748	13.721852	1.636525
3.732608	8.20407	2.657368	15.912565	6.187139	3.396783	7.181116	15.811112	0.011788	11.415857	8.67436	2.629862	5.709842	8.47553
2.628312	2.682055	3.94134	15.065925	8.941131	9.47136	1.618164	1.092303	0.011788	4.415163	9.756114	16.350798	10.212264	13.813284
0.586788	2.296372	8.169262	12.008506	9.347191	12.094905	14.249157	6.216532	0.011788	9.758301	11.526406	2.007389	2.944419	8.782984
3.078651	14.009346	12.685915	11.975577	4.996717	6.620869	2.677962	11.123189	0.019307	6.877591	4.681578	12.591373	0.540557	8.121368
15.234941	10.029938	0.179906	16.920759	12.279844	9.254585	4.304214	0.230677	0.019307	8.304683	2.818528	3.304082	12.702338	4.416198
8.909605	1.712037	6.24534	12.725621	8.152596	3.375847	6.294765	6.116487	0.019307	8.279473	3.835274	15.499462	15.312053	3.522133
4.164929	7.094272	5.403447	9.028195	4.466987	2.831544	6.931707	9.158575	0.031623	8.755758	11.531561	4.407154	13.111939	13.082309
3.241	9.7547	4.952844	11.913691	10.280082	4.91822	4.481346	11.875543	0.031623	7.675363	7.716053	8.767514	2.226649	12.165371
11.163597	12.993843	7.06303	6.988858	4.119266	6.869008	3.580847	12.026038	0.031623	12.505597	4.89085	5.998508	1.263065	10.50587
5.303467	7.620647	8.304173	9.114789	10.07228	0.805142	10.962523	5.733496	0.051795	2.440111	11.44348	3.395628	13.243357	11.509111
15.412195	0.643124	8.956771	4.026509	5.350217	0.768179	6.973669	13.91814	0.051795	12.961795	10.87595	9.967017	1.07642	9.018218
8.652497	14.653743	2.578153	10.790253	0.596281	3.836153	10.972949	1.373237	0.051795	2.022736	5.193522	9.152976	14.561485	15.56422
2.754311	2.373845	1.965551	0.995684	11.313952	8.136463	13.673282	6.961876	0.084834	14.174473	4.839558	13.845624	13.355702	5.524846
3.413504	10.84023	7.586822	6.300797	7.052659	8.574531	9.775403	4.075985	0.084834	10.820353	7.132605	13.130653	3.262543	7.949081
14.800485	2.96145	15.68273	11.246911	5.689506	5.25793	14.679679	5.722674	0.084834	1.854144	1.52144	14.293559	3.834047	2.37061
15.321603	2.443006	8.793409	3.800413	9.107291	16.472528	6.156002	14.767149	0.13895	0.588914	2.733585	0.945143	7.536291	11.195716
8.782425	3.252774	7.856015	12.376581	2.115289	3.924124	9.635774	5.265845	0.13895	4.493427	8.716765	12.032263	9.370503	12.039266
1.050099	6.649749	8.925114	2.190603	15.134599	4.712513	16.271025	8.800239	0.13895	2.797391	15.585499	0.638502	12.883739	4.22198
3.710665	4.078465	5.19586	7.66679	17.330326	13.879395	3.230247	7.174702	0.227585	1.173859	0.465194	14.443693	6.909155	14.514063
6.812035	3.822826	9.435502	14.140199	12.468299	6.127713	6.366874	5.87243	0.227585	2.673046	17.105505	6.938156	4.688641	3.321188
5.049908	6.038866	6.761457	4.347593	6.32382	0.04361	12.070922	6.909127	0.227585	9.25643	8.0141	11.373247	11.893334	11.690003
11.338859	11.530398	7.796817	5.876581	0.531283	10.232985	10.728825	8.668756	0.372759	5.633279	8.045204	2.283566	7.112239	9.848449
9.181429	4.912348	11.917499	5.838534	0.809106	5.367407	14.977043	10.914758	0.372759	6.544921	6.76973	10.722624	9.188526	2.483316
9.498698	2.941126	6.048261	11.138722	12.253695	1.935273	7.949021	9.47075	0.372759	10.778433	9.103485	10.847718	3.5744	4.087658
12.560217	10.984132	1.0077	5.604944	10.936662	3.152681	8.995475	7.446223	0.61054	11.814348	1.899337	11.475965	1.366999	12.144776
10.447381	0.83484	3.982706	0.712312	1.327582	12.876543	13.434803	9.579628	0.61054	8.941487	4.893595	8.46173	11.904228	11.992625
0.367518	2.676025	9.487167	13.717114	6.280409	12.04182	13.674603	1.947086	0.61054	5.651813	3.856542	12.41939	5.095827	12.174147
8.578398	9.408209	7.202918	9.324572	3.015936	8.211569	5.640929	8.644798	1.0	8.48077	10.450931	8.875143	4.96228	6.203547
9.693686	12.853179	6.844399	2.865721	10.67563	6.120676	6.325398	10.542628	1.0	3.432721	13.298289	7.597154	0.39864	8.351877
14.446084	7.999512	13.457783	11.968056	2.604778	0.775849	6.777573	13.894166	1.0	10.78712	4.014194	11.125059	0.760889	0.388937
0.144291	7.367377	7.917214	14.603716	8.007906	10.50334	4.999058	9.674203	7.725441	0.001	14.295928	6.192554	7.450429	1.117543
1.820407	8.625282	11.51566	9.901655	9.531374	8.686866	5.134572	10.000571	0.07078	0.001	4.071329	8.441365	11.518857	10.680281
10.751896	5.615848	9.954873	8.848789	9.93878	9.175151	1.606317	6.585624	10.260221	0.001	9.891698	4.756228	4.800848	7.812729
1.881831	12.252853	9.637219	12.170192	11.567378	11.969683	11.422995	1.919221	7.673254	0.001638	0.41926	2.571568	4.074087	12.438823
6.061118	9.353678	11.470786	13.400911	10.700499	11.609616	1.904719	8.821081	2.995326	0.001638	4.859268	6.943389	10.25892	1.61905
7.413525	11.390303	9.770982	3.734398	0.060965	4.377763	6.673991	11.074758	11.244129	0.001638	11.497297	4.669527	10.624775	7.465949
2.60857	14.703114	1.737802	0.02525	0.237815	9.106132	6.846565	12.865143	16.152948	0.002683	14.898921	9.75641	2.539158	8.51949
9.276283	1.67043	3.530193	0.096313	7.230975	8.583582	8.060528	12.733552	7.961292	0.002683	9.746959	10.068344	10.40365	10.635214
8.249525	4.406161	9.184407	11.138427	12.984572	15.045528	4.045334	9.473568	4.539465	0.002683	1.115098	6.472993	8.529369	4.81287
12.193611	4.240786	6.010631	2.051876	1.269052	0.024435	15.135778	5.699354	6.466427	0.004394	12.853138	12.481333	8.901444	12.667742
13.820979	8.830389	0.116135	8.602009	9.713602	0.64304	7.58804	12.738778	12.508535	0.004394	4.015451	1.816057	9.176965	10.425627
12.85715	1.016305	4.361101	5.083574	13.069121	1.250651	8.939785	9.677771	8.90583	0.004394	8.933105	9.256177	13.529386	3.11565
11.563275	12.053329	12.010246	11.924837	9.884415	4.202053	4.075283	1.746436	0.92678	0.007197	6.086623	9.126708	4.664875	11.727945
3.897664	0.32316	0.3581	5.524735	16.207449	6.274191	10.191761	1.083183	16.077208	0.007197	12.687279	3.50736	15.175141	8.685571
1.97208	4.335309	1.570489	11.69248	12.200422	14.481742	7.837396	8.507445	12.437612	0.007197	11.630475	0.116759	5.722699	7.487896
2.754004	3.991404	9.952702	13.3669	9.349533	8.078927	13.637751	7.827491	13.24019	0.011788	7.89307	6.029988	2.125229	1.741023
12.872867	10.439347	14.820258	12.740423	7.383564	4.646578	2.283743	10.403936	1.961473	0.011788	4.950951	9.177929	3.555179	4.751965
10.889433	4.586559	3.265509	6.071987	14.324576	9.227803	2.892469	6.899341	9.232555	0.011788	13.593647	0.455122	8.054272	10.49494
12.557853	2.782495	5.290627	0.445453	3.402156	12.246201	12.619626	3.828802	10.495839	0.019307	13.785592	5.289365	13.725603	3.51108
1.428434	7.820467	7.735695	13.730259	4.40827	0.445478	0.57217	11.952791	7.634861	0.019307	4.451522	9.679861	13.197868	16.923017
3.942984	14.087483	12.213418	6.570492	7.906224	11.984239	8.028736	5.558147	1.599626	0.019307	5.152787	5.000458	7.708664	10.227437
12.234907	2.627817	7.52103	13.240614	9.370746	8.930571	10.665254	3.35538	9.386899	0.031623	5.439244	5.648117	6.69725	4.850548
11.940051	1.475826	1.890627	5.249891	4.802686	12.281942	15.501978	5.956041	10.595307	0.031623	0.798665	11.903685	15.547876	2.023802
6.593154	2.337741	14.3578	5.71709	3.256907	3.732265	7.913672	7.223176	13.726379	0.031623	6.243491	12.476581	5.427334	10.962787
10.05806	10.10664	1.635615	5.553523	7.791634	12.074407	2.745177	13.289494	3.15781	0.051795	13.538472	2.674608	9.010534	8.312231
4.2758	12.815203	6.42679	9.50131	6.052489	0.239859	7.41816	9.710249	6.095733	0.051795	3.451558	14.687151	5.804714	13.469189
15.358266	14.135381	2.980428	6.935727	2.619104	12.508327	4.244607	8.632971	6.407474	0.051795	8.968105	7.104785	4.74108	5.31195
5.172427	4.142094	0.460088	9.154229	10.90821	5.549733	11.183101	2.802651	14.90227	0.084834	2.345038	11.729809	14.446315	7.1192
10.709271	17.840949	13.709694	3.392565	10.757976	2.394867	9.462992	10.176722	0.796194	0.084834	0.294125	2.521215	1.61004	16.248557
14.522362	14.807342	1.873461	3.184899	4.015508	2.635841	4.738777	16.867159	13.186341	0.084834	3.166043	10.866561	4.487672	5.563199
12.798188	4.62864	10.832143	14.146005	12.657152	7.173082	7.697844	0.013069	11.466803	0.13895	9.48028	1.818542	4.34331	2.805991
5.699602	9.717559	2.028924	7.973062	5.451306	11.765487	12.64533	7.933239	3.996663	0.13895	5.378316	3.07373	12.270725	11.927106
10.193572	5.209674	3.94023	9.756727	1.071774	1.04837	16.217468	0.152026	5.668889	0.13895	8.215148	18.5119	9.63871	10.236562
10.670763	5.638882	0.996321	9.596112	8.677544	0.490209	7.725722	17.943698	3.434058	0.227585	2.286613	12.894295	8.208066	11.21013
7.048324	6.300663	8.831279	6.783457	3.977581	5.994196	0.099741	3.345409	9.404179	0.227585	14.105231	8.571489	11.937846	13.373022
12.580982	6.171794	10.606282	5.697925	11.950487	2.477539	4.874437	8.408898	5.229111	0.227585	0.484176	4.266136	12.542039	14.482609
13.589159	10.299155	0.830224	8.696244	1.366208	6.206491	11.887999	5.810758	14.575186	0.372759	1.226528	5.036386	6.03204	14.070863
2.276941	8.777076	0.201109	13.525331	18.144586	3.162032	18.065384	8.414539	8.900192	0.372759	4.193062	1.478194	7.844983	4.643812
10.414123	18.792063	3.339184	1.936894	0.750352	7.776813	5.988273	12.753241	0.353454	0.372759	10.624928	7.833253	7.743984	11.320677
9.493459	9.934667	11.314741	11.699785	0.33697	4.046159	2.502156	9.214927	11.355859	0.61054	3.793938	9.017335	10.055065	6.624398
11.549692	6.280938	8.070197	8.851455	7.922856	4.987534	5.762254	4.175741	10.370554	0.61054	9.390216	10.46402	3.17831	8.385692
0.258368	8.361415	20.145759	2.222815	16.044706	9.265421	3.842795	5.971775	18.709673	0.61054	0.410088	3.848374	9.227974	1.080297
3.018861	0.583631	12.241775	1.434427	12.389626	7.330627	10.131087	0.684427	9.195234	1.0	5.644069	13.463514	10.18837	12.694351
4.551367	2.340832	15.260129	0.415082	4.298871	3.46272	8.569857	6.267979	19.940545	1.0	3.507302	5.617517	11.822373	12.945426
1.94437	1.020608	3.078003	3.971816	5.352226	15.918365	8.232225	14.381451	6.119583	1.0	8.330486	3.843075	13.892547	12.915244
5.753907	7.10002	7.493915	11.882639	4.811912	2.701371	5.830801	10.735394	8.934188	10.559505	0.001	6.527134	6.424144	11.24407
16.217557	0.788914	2.080152	12.57296	11.350865	5.887744	1.849498	13.541722	2.034424	4.299045	0.001	14.107406	6.20294	9.065774
6.99977	14.308827	6.585096	2.617636	2.835364	1.28072	8.568957	2.265736	12.608847	12.657745	0.001	8.439119	14.469551	6.361631
1.813317	11.832447	1.891741	8.963132	11.991354	12.679302	1.629667	7.468935	8.06775	10.837072	0.001638	10.71073	2.557491	9.555425
13.495713	0.999973	10.072472	8.501829	4.805582	10.220603	1.06726	4.572703	14.623589	5.363062	0.001638	12.253731	10.529116	3.49273
2.473236	13.645917	0.000589	6.488923	6.25748	5.809726	2.616839	0.307301	16.035847	9.779585	0.001638	12.377024	15.098468	9.107427
5.734372	12.519893	7.298219	13.423423	6.718149	8.980282	8.580652	1.939245	10.87664	4.696474	0.002683	1.743942	4.546164	12.939864
3.519169	1.739323	6.566688	17.778682	1.475355	10.434198	6.732324	7.676319	14.461673	8.810325	0.002683	9.466636	10.435361	0.901264
9.27869	5.470383	12.800055	12.569988	4.297741	11.275218	1.949865	0.638337	12.042086	12.391542	0.002683	1.71295	4.597682	10.97278
3.350272	2.716063	14.087085	8.34949	0.958885	0.519334	10.622501	12.584005	11.769304	8.267858	0.004394	0.173017	10.037272	16.56052
3.623427	7.196965	12.758101	13.141378	11.770657	10.979086	9.137958	1.40329	4.739961	5.716165	0.004394	1.472695	12.836651	5.219271
7.506929	9.206267	7.11662	4.52022	9.136109	7.465751	10.488583	6.630893	10.36608	10.634415	0.004394	6.787639	0.431612	9.704489
8.446838	8.380147	11.293916	3.459714	1.994883	13.905592	14.026716	0.240913	1.14274	11.869648	0.007197	6.763056	16.330619	2.138022
9.74741	5.702233	12.41357	3.490558	8.537474	18.999717	3.436758	10.222142	5.269105	2.802792	0.007197	1.059032	4.523376	13.788636
0.02148	8.519238	12.746431	6.664735	5.46215	6.447617	5.77213	8.842818	5.750799	2.271663	0.007197	19.879264	7.315002	10.299477
6.318258	10.688551	9.602946	13.496717	1.383793	4.432059	2.210026	13.041214	4.710804	10.313963	0.011788	3.995236	12.394586	7.400059
2.60112	0.797964	10.156734	16.475817	13.503343	2.364665	1.603714	0.785791	4.75348	15.31145	0.011788	11.731969	12.739311	7.162856
3.909243	7.749167	11.089862	13.361104	13.036414	1.525008	14.922328	12.061638	5.086554	6.048802	0.011788	1.98268	6.361347	2.854066
9.833163	9.122384	7.290845	5.70177	2.255865	8.324247	15.862738	3.830396	4.722177	16.339368	0.019307	7.782476	4.045021	4.870244
1.607185	13.204917	14.993838	2.611683	2.369371	0.901382	6.305357	12.196581	5.682222	2.250892	0.019307	8.725632	17.257448	11.874184
2.918306	5.374552	10.181758	3.871267	8.231475	14.827053	4.65547	12.250964	16.785821	3.050047	0.019307	2.877467	0.437545	14.518968
4.37661	5.723602	9.559234	11.797379	9.885595	8.946557	7.148183	3.51823	5.956294	6.834229	0.031623	6.322745	7.474508	12.42521
7.622655	8.400767	4.926115	10.885371	13.494681	7.853723	7.495761	14.973465	0.051175	8.898881	0.031623	9.45883	2.626685	3.280268
9.508631	9.521747	3.648407	5.289517	8.146411	12.116875	10.082505	2.322039	2.9724	14.034586	0.031623	2.608816	6.890116	12.826328
9.005741	3.720867	0.393965	12.443009	12.900656	1.6202	11.327825	8.612163	10.102038	9.055517	0.051795	1.255653	8.751746	10.758826
5.814112	1.743717	5.00273	9.120891	17.01649	10.792309	3.401601	11.061282	10.065114	9.96637	0.051795	11.018788	1.858701	3.086099
3.863884	13.802691	14.341675	16.218663	0.326693	10.521199	4.196994	5.347379	8.821512	0.91634	0.051795	2.24436	12.953059	6.393757
6.843717	12.908368	4.086327	1.671827	8.714761	5.399195	3.234993	10.168132	0.791297	13.21632	0.084834	6.106057	13.103971	13.670202
12.979318	0.820702	5.052699	17.610956	12.288013	3.455251	12.393001	0.205815	2.271619	0.89984	0.084834	17.220187	9.08089	5.636874
2.563125	2.261416	18.30571	2.721907	3.894596	3.796612	17.07673	20.319857	13.323488	4.278545	0.084834	1.029767	1.956672	8.386742
15.089008	2.2984	11.448164	8.128242	13.986557	12.187476	0.909401	7.384303	8.383613	2.119843	0.13895	5.67173	5.062121	7.192192
18.264725	4.620173	3.199424	7.441537	0.893311	0.682657	1.267342	4.808628	9.914695	9.948763	0.13895	16.64786	6.21196	15.959976
6.589669	12.433421	11.158717	7.776999	6.54076	5.223842	11.411864	12.308185	3.39744	6.748003	0.13895	7.734042	2.621539	5.916569
6.056922	12.316672	11.988014	9.815431	8.474214	2.734882	6.467781	8.633618	6.772682	9.149074	0.227585	3.369423	3.562421	10.431283
4.558979	2.284125	10.0657	11.907978	9.630182	11.234563	10.709815	11.312478	10.900425	0.167461	0.227585	8.946577	7.826478	0.227654
8.477579	1.161925	1.498269	11.844578	9.397209	2.706593	10.609687	9.12014	11.952728	11.811297	0.227585	5.59743	11.953675	3.641306
1.989512	11.257845	3.565312	0.510365	14.325384	4.221703	7.087322	7.944842	9.106073	7.427118	0.372759	14.131756	14.993884	3.066126
12.856433	1.802228	10.493223	1.216176	4.183516	16.729613	3.50588	3.183193	4.65429	10.159054	0.372759	11.028391	6.243292	13.571954
4.512793	2.468284	7.660488	3.171149	12.925924	9.410595	3.683861	15.494271	11.516214	7.921537	0.372759	6.412581	14.138918	0.310624
2.847444	6.29498	15.103368	2.377955	4.892705	8.605727	3.287792	0.452238	14.142248	14.402227	0.61054	7.383347	8.252192	11.347236
7.99914	6.371355	9.003795	13.747424	4.082525	11.596185	10.880198	6.485087	8.16766	3.236888	0.61054	8.78953	8.708586	0.321086
3.22417	8.094608	10.539527	11.492114	6.367081	11.295583	7.899557	9.917554	7.573647	0.428818	0.61054	7.647012	5.998546	8.911242
8.889463	1.907442	3.122877	1.454423	1.782558	9.037592	17.457766	5.394918	14.155324	13.639848	1.0	12.050689	9.861444	0.245658
5.819873	7.598601	2.199931	8.74833	4.405746	6.031636	12.201328	11.756989	8.905937	15.023534	1.0	1.479088	8.598972	6.230035
12.433728	10.775458	3.156517	1.416402	6.346044	2.466939	4.972936	1.927547	15.860866	11.222393	1.0	9.181965	5.120624	14.118582
17.257946	3.646181	4.039076	8.691734	0.976113	7.366802	9.384579	11.619632	10.468638	0.35179	1.243369	0.001	16.871713	8.081428
9.718335	9.173154	0.228863	12.713074	4.313415	0.387379	4.52552	9.547804	12.963096	2.454597	10.838661	0.001	10.444257	12.690846
7.358126	8.235025	8.871552	3.959718	0.306999	18.505811	3.420801	4.022263	9.439147	5.031741	9.738891	0.001	6.719775	14.389152
9.684404	0.461992	3.353294	4.408195	12.816391	7.872502	8.9192	1.53963	9.811808	14.122845	4.410606	0.001638	13.529133	9.068363
6.195052	6.792981	19.22984	2.721873	11.044982	3.67462	3.148259	19.563659	0.082457	17.464354	3.633544	0.001638	1.880356	4.566386
0.760032	4.774441	12.008248	18.350811	10.783425	21.372219	4.173239	4.570485	0.53643	1.322019	13.723889	0.001638	0.259171	7.363952
11.414747	10.76803	11.295989	6.653301	3.819378	3.235249	9.197091	0.172698	11.68784	1.196189	7.968425	0.002683	9.443776	13.144604
21.936433	2.098361	2.050637	7.532259	3.074545	5.856059	0.373657	11.279977	19.686365	4.853263	4.657895	0.002683	5.192167	11.405698
3.348509	13.717238	14.070338	3.426287	4.486991	11.968108	3.987921	14.114454	1.393817	10.519178	2.223384	0.002683	6.74843	9.992663
9.077544	13.202011	6.242236	7.314783	1.447084	14.023383	8.854172	11.354662	8.110504	12.248886	5.265627	0.004394	2.729497	0.125217
6.213899	12.170507	0.585453	7.748762	8.358675	7.069223	1.669124	2.982256	12.786129	11.580223	14.209669	0.004394	13.287806	1.333881
3.151032	5.559025	5.329917	11.90855	1.444928	14.909935	11.331852	16.772163	8.610566	5.498219	9.140755	0.004394	3.689174	2.649492
7.101998	8.244115	2.366668	4.043541	16.309988	5.689119	3.186873	13.611964	2.800416	12.228881	11.8038	0.007197	5.462057	7.143383
3.124461	18.122239	1.187287	11.452298	1.610368	2.032994	6.731958	13.101329	0.383159	11.56843	6.667012	0.007197	13.317846	10.693423
13.120355	10.479184	4.582651	14.438993	3.488021	0.258068	2.629354	14.428801	4.143875	2.478724	2.099916	0.007197	14.066504	13.778356
10.085605	16.072615	2.435742	10.638475	3.645491	12.331635	0.476519	1.724031	16.194844	4.436595	1.092711	0.011788	7.667436	13.186512
4.481459	8.826079	7.482338	3.07886	1.1094	0.613795	3.508544	9.539063	14.059348	9.867078	16.945198	0.011788	5.826085	14.650967
13.579867	6.264388	13.163086	4.220847	2.245836	13.314086	10.743544	0.481555	3.218073	7.4821	7.42569	0.011788	9.172007	8.677134
7.491089	4.904519	2.21318	7.868215	12.396437	0.986405	11.676717	8.312809	6.408333	5.519954	11.23079	0.019307	9.692031	11.280216
13.292645	9.94727	1.673467	11.689367	13.219038	6.349582	2.539663	9.95291	13.658855	7.732513	6.319311	0.019307	1.011738	2.594334
9.136429	6.35891	9.652057	6.768418	4.139745	12.357896	7.23317	5.530232	10.153404	12.451023	3.293515	0.019307	12.265838	0.640056
5.082794	2.802563	1.703698	0.114698	1.345258	16.433522	14.562311	17.382103	12.141467	2.172147	9.57088	0.031623	14.160459	2.496476
2.954805	17.261136	10.029305	4.282419	11.653572	1.905942	1.995199	2.039889	5.019525	18.49612	13.730974	0.031623	6.26933	4.330159
7.231935	8.308142	11.84996	4.653476	3.969024	3.902578	1.680008	15.570329	2.541516	8.55668	16.216063	0.031623	11.327532	4.161134
4.299739	4.915425	9.514028	11.572582	12.277285	3.884602	14.034686	11.348712	3.162784	4.500231	12.924156	0.051795	3.330194	4.18378
6.58139	8.79608	9.981954	10.505977	4.909727	12.031092	10.197753	5.900191	11.789271	2.160124	4.269066	0.051795	4.551942	8.273639
16.207046	7.974561	2.070253	1.737706	9.986477	6.44356	8.960164	2.54069	4.83465	3.788625	6.735931	0.051795	15.492845	13.175697
14.654385	7.696641	1.915054	6.774528	14.399341	10.237657	13.128653	2.406618	11.694499	0.944361	11.561591	0.084834	1.712094	2.789743
3.408824	11.954976	1.392941	16.701839	3.721052	3.373313	4.258996	12.12471	8.600015	4.454057	5.254896	0.084834	9.817339	14.852206
12.162951	1.849789	10.40126	7.341399	0.974375	0.527187	9.914699	7.125602	2.109994	11.091336	7.051106	0.084834	14.769829	14.595638
10.561584	7.791865	7.138251	3.422272	12.049099	9.968708	5.198207	6.222045	7.471186	14.740816	9.112136	0.13895	5.840224	0.344656
0.478213	9.528693	12.176512	9.903281	4.959942	13.571138	0.877559	16.41906	5.633716	5.517722	1.596373	0.13895	15.374743	3.8241
16.061177	14.007953	5.090288	10.663253	7.619301	10.587493	4.701743	5.604595	0.293628	7.394474	1.985477	0.13895	15.267526	0.584143
10.429769	14.297593	5.025898	12.44248	0.411593	19.173937	4.924983	4.028276	6.861727	7.404033	0.475171	0.227585	7.209182	7.087774
5.127154	11.532161	3.789088	3.94839	13.547307	8.744989	1.391243	8.407078	10.845944	10.730592	11.071923	0.227585	8.52204	2.114504
4.839287	16.741841	1.286899	1.456295	6.545215	16.61575	0.400197	11.257388	9.861723	15.248767	5.222153	0.227585	9.14317	1.153731
5.042258	9.96698	6.27725	10.488814	9.909623	4.565601	11.117719	1.735452	12.315181	8.419679	10.620434	0.372759	3.462522	5.705727
13.72974	4.115686	1.167537	11.527366	4.370023	4.380826	7.764167	16.677302	3.346073	14.75783	4.650204	0.372759	6.734516	6.40597
15.769992	4.239184	0.870311	7.634115	16.084085	2.98566	9.03479	10.585594	2.866114	2.14629	4.292455	0.372759	15.425942	7.692711
5.308132	11.946441	13.542517	9.165749	4.553977	1.808711	14.576142	5.331978	1.520517	4.315969	8.83332	0.61054	10.190539	8.29547
6.068442	7.951003	4.170826	14.53041	1.990595	6.626413	2.284475	7.767037	4.442797	13.713428	2.84466	0.61054	14.949748	12.049626
6.9854	8.304038	11.118644	7.347501	9.796423	4.561264	0.072613	12.503215	6.904532	6.926444	4.910982	0.61054	9.515355	10.44305
4.004584	10.562341	9.175069	9.101266	3.216707	11.25068	5.082729	1.295511	10.188634	12.378122	8.60851	1.0	10.319199	3.816647
9.944999	14.527152	0.284353	10.525773	8.261118	7.94342	0.799107	8.391695	8.103502	2.903492	15.059789	1.0	2.889843	9.365756
6.304429	13.372951	5.933861	7.393389	5.724936	14.997123	5.3222	7.24832	5.711158	5.595754	0.289882	1.0	8.456317	12.64968
7.508744	0.048103	8.198961	13.145538	4.486133	8.711049	6.834599	13.848163	7.299744	2.767137	12.988198	1.115921	0.001	13.04671
2.486968	1.746666	7.228711	9.106319	4.15728	1.228789	16.888212	8.979381	6.012119	1.835788	8.777362	15.33331	0.001	16.218095
7.336843	12.160211	12.966013	0.000106	10.160209	5.727369	3.126155	12.558929	1.952764	4.280102	9.017053	11.652088	0.001	9.061157
10.773685	3.850279	7.490008	9.07376	6.960939	7.605069	11.3955	4.127646	0.752925	8.43622	9.995179	8.641189	0.001638	10.895963
0.357974	5.165729	10.434952	12.105948	8.91247	0.986865	10.487381	10.888774	5.786942	12.131895	9.84248	6.317114	0.001638	6.579838
2.058941	12.235196	6.639374	9.05438	8.695423	8.12863	4.113777	3.777271	12.943611	2.758543	9.18416	12.237254	0.001638	8.171804
7.131559	10.075706	5.582125	9.510043	2.913838	11.977693	11.12824	5.164971	7.178723	11.365954	3.73102	9.881392	0.002683	4.356052
9.958263	5.894212	7.821805	11.415205	13.226334	2.358232	13.502912	9.893966	6.923894	3.411817	5.946984	5.324252	0.002683	4.319441
2.420211	7.221845	11.130886	9.610258	2.228367	0.019163	6.136946	4.650377	11.056407	4.567019	15.721778	14.376193	0.002683	10.857866
8.919441	12.981321	6.420214	6.331281	4.970589	9.585291	11.772462	4.552788	7.233195	10.14546	6.175444	6.846505	0.004394	4.061613
2.911809	11.942222	6.179814	1.286995	4.448707	1.170829	10.363636	2.910613	7.735981	15.128213	15.364635	5.992092	0.004394	14.560058
7.473591	10.553731	3.739366	0.34474	4.174023	3.819498	15.668446	11.196856	5.366215	6.234558	14.469312	1.138247	0.004394	15.817025
8.594626	3.901406	2.031551	4.774794	13.777618	15.491632	1.77397	7.688424	1.148335	11.050125	5.182255	15.136273	0.007197	9.441794
3.223057	1.768132	15.235691	13.360459	9.13577	3.591676	6.564649	18.387793	1.589004	11.591917	9.054885	3.085775	0.007197	3.403996
10.817921	11.410298	8.499411	6.825563	5.490267	9.610288	9.949224	10.366251	3.622192	3.760003	12.015367	1.832542	0.007197	5.793475
6.06567	16.077887	6.928999	13.769469	3.224421	6.424553	1.450822	11.553807	5.382211	5.305152	3.499208	16.141409	0.011788	4.164605
8.100655	0.33393	1.118225	3.645812	17.305306	0.156106	10.536956	16.479547	3.870528	19.326059	1.163221	6.261279	0.011788	11.690587
16.623703	20.00115	1.025349	1.599634	7.017682	7.801667	16.938011	2.414299	9.100653	6.029647	0.297159	4.927159	0.011788	6.212097
3.852859	7.278253	0.282205	4.835056	1.728184	7.904162	18.502595	10.170945	18.197818	10.472777	2.560451	3.241585	0.019307	10.953803
5.065544	6.152452	5.791412	16.45297	3.171708	13.186287	4.276236	10.234566	1.724966	13.104871	3.467156	8.69885	0.019307	8.653674
14.003179	3.732939	9.626802	4.255371	8.825981	13.966998	10.67653	3.169278	10.752194	13.914461	4.407748	1.762188	0.019307	0.887024
11.02799	9.717325	10.042497	3.154548	5.093064	12.342374	8.359202	3.797179	7.937581	8.080185	6.673647	9.889071	0.031623	3.853715
9.325622	9.872634	0.337727	1.248527	7.899583	8.539718	11.997773	13.24974	11.294925	1.374877	9.016084	10.971035	0.031623	4.840132
10.061394	1.234866	16.436159	15.491526	11.493484	5.696158	4.532119	10.099596	1.710822	3.478483	18.263462	1.298943	0.031623	0.171366
0.552276	5.801802	14.10016	13.15323	12.023127	13.707153	1.184532	0.147812	11.484061	1.798386	12.332026	8.687473	0.051795	4.976168
0.705082	10.746072	9.969343	2.759212	9.44909	1.125347	8.596487	12.968661	11.763059	13.413141	5.876386	2.931639	0.051795	9.644685
7.64265	15.091308	0.896971	8.508418	2.639013	13.928335	0.910334	13.901975	14.034492	4.37001	1.130865	14.947021	0.051795	1.946814
11.543202	7.788543	11.565979	13.773897	2.316134	6.277221	4.797579	3.676903	14.791194	0.717655	8.011707	3.058534	0.084834	11.596617
8.496765	9.210427	4.96373	1.540891	1.171805	3.830177	14.742989	12.633313	16.228391	3.300495	4.511166	5.538248	0.084834	13.746769
12.958059	10.452122	8.733892	0.520942	5.691497	2.152346	3.523077	2.705469	12.293773	13.168331	15.44591	3.202855	0.084834	9.066892
15.324295	10.626982	3.90606	0.192231	2.277465	7.672014	15.306104	2.675245	13.143706	0.051998	5.982046	16.521844	0.13895	6.18106
2.975026	16.929066	7.769818	3.577196	11.207168	8.351128	1.769725	1.573849	0.175001	6.350595	17.741579	4.238603	0.13895	17.202297
10.960842	13.287244	12.574721	7.074979	7.250451	6.834906	1.181573	6.846331	4.851621	12.50057	9.470281	6.840129	0.13895	0.187402
8.5228	9.148196	4.819432	4.202713	8.336662	13.664484	1.561011	15.457074	0.051248	10.592014	10.483482	12.511703	0.227585	0.421598
2.150441	6.27007	0.718676	11.789684	3.238983	3.946988	11.842616	10.477104	11.729302	8.708238	6.204277	9.676371	0.227585	13.019666
4.8588	20.36854	16.286239	9.142316	7.938206	4.062023	6.21325	4.111532	6.676106	1.14561	8.582399	7.466385	0.227585	2.921009
9.634211	8.278294	10.404903	11.331964	3.94099	1.472196	7.476	1.398922	6.70519	6.697748	13.820158	6.616386	0.372759	11.850279
3.110491	6.37785	0.662279	0.455341	5.288345	9.146645	10.860464	10.775157	12.851416	7.1955	12.779194	7.060906	0.372759	13.063653
8.996299	12.820518	6.947025	8.233761	9.704648	11.509563	4.004737	5.506736	6.215273	4.950743	14.395958	3.761199	0.372759	2.58078
13.408907	11.463987	6.807263	5.444462	9.976786	6.494377	1.565476	9.118211	5.802231	9.617342	3.246767	13.519477	0.61054	2.924174
9.852321	0.652684	7.369894	9.743294	12.923764	6.729246	3.325816	12.994679	5.051198	11.680938	5.205416	13.755459	0.61054	0.10475
3.360021	14.789411	12.357656	13.975554	7.097442	12.792895	6.859201	6.528745	3.414912	12.721066	0.583063	1.674852	0.61054	3.234642
4.866677	10.791618	15.212006	0.680045	11.07219	2.338646	15.051595	11.830477	11.08406	1.065309	2.864059	6.769062	1.0	5.374255
7.39353	16.737897	3.57237	1.746435	19.616275	0.317983	10.761736	1.006489	1.386393	17.871678	3.868591	2.254791	1.0	12.465832
11.756448	1.116022	2.774251	10.13604	8.331967	8.27785	12.171498	6.60624	6.462713	5.160908	13.812573	3.069266	1.0	9.324223
7.835099	9.933568	0.778439	10.608798	3.527012	9.892551	7.38873	1.424582	7.949439	9.608639	8.679856	11.293414	11.078875	0.001
6.721753	6.673442	14.666843	0.652932	9.941615	0.08728	4.550673	8.135669	16.285767	16.065063	1.520709	13.56212	1.135135	0.001
13.248047	1.444103	0.944553	7.238897	0.130006	11.704123	15.35311	13.360376	12.48403	1.652564	11.235168	1.294788	9.909236	0.001
3.274855	3.175661	12.174495	9.354295	6.679398	11.733295	6.87319	9.098249	9.432124	6.020638	3.23273	8.044732	10.904699	0.001638
12.493784	7.940222	0.030004	8.784915	8.398202	10.359957	5.874443	8.482273	3.084999	6.22718	10.919257	5.861205	11.541921	0.001638
9.943663	3.01279	4.536354	12.385604	8.642397	8.099216	4.665416	8.199468	10.781601	0.666008	10.958781	8.335021	9.772043	0.001638
12.247707	9.366534	3.100441	18.259538	3.244769	20.721349	4.237254	6.52786	6.4146	2.901317	0.177449	3.840454	8.958044	0.002683
4.579698	4.735797	1.176552	10.335368	13.627229	6.873845	1.070462	14.132279	6.712388	10.202162	14.193607	10.611098	1.74683	0.002683
5.818441	10.662066	7.356654	10.289224	12.300435	8.366818	10.665062	4.013065	2.451803	3.098042	9.305817	7.195154	8.474736	0.002683
6.317103	6.271857	1.397975	2.098158	8.36757	9.355948	9.038961	12.021331	8.139471	12.252968	10.390905	9.445979	4.89738	0.004394
13.670665	0.794961	12.789171	5.663061	0.564044	2.477506	14.818286	0.772874	3.518315	8.958747	6.198695	14.203252	15.566029	0.004394
7.265504	14.691763	5.228243	4.046998	8.581782	2.466599	5.899663	10.212171	2.386917	7.80799	8.549703	12.606496	10.251777	0.004394
8.554605	6.919916	5.238734	9.385715	8.377132	7.347397	8.644068	8.810377	6.845618	10.512428	1.830335	9.681097	7.845382	0.007197
15.598898	9.421567	5.02263	6.257455	4.926847	9.535633	2.896664	3.096237	0.128678	9.498807	15.711464	13.148396	4.749526	0.007197
10.819363	2.591519	16.301892	6.083828	17.2107	3.546891	13.572584	1.363298	11.303128	1.409525	15.215342	0.573272	0.001461	0.007197
5.846817	1.051357	6.580147	2.063887	5.651364	14.690524	16.498987	6.58969	3.181949	10.538063	6.647221	14.038378	6.609828	0.011788
9.232918	12.904254	12.618333	2.332167	2.144601	11.026356	9.363929	4.152032	13.906766	7.88656	3.480916	1.502848	9.436532	0.011788
2.220588	4.153395	3.760702	0.110861	8.055639	3.29242	3.826497	16.67532	1.619459	13.035117	17.080899	13.794464	12.36285	0.011788
8.544239	8.737122	10.584304	9.591186	7.062565	0.273003	12.072026	13.27173	7.788568	3.031014	7.047853	4.621405	7.355678	0.019307
13.025042	6.056594	4.920861	7.660015	2.483825	10.728821	12.967563	14.306473	11.941354	0.491918	7.377	2.860897	5.160328	0.019307
11.173291	7.972176	2.379404	5.763093	12.463096	10.20508	8.009931	8.70869	2.525218	4.7835	10.620634	7.39415	7.98243	0.019307
9.535494	8.075025	10.240534	14.557066	6.53319	6.417843	11.299474	8.846466	2.65391	2.968956	3.797184	7.178816	7.86442	0.031623
7.977444	9.90603	0.900324	11.958034	10.569909	8.05546	5.493133	0.012666	7.116479	16.058341	2.588763	14.26174	5.070055	0.031623
12.682787	9.273005	3.246182	2.314765	3.177892	1.356349	12.00118	16.877173	1.939552	18.05006	6.919903	2.406777	9.722752	0.031623
7.11306	5.369571	3.282592	9.427587	8.806925	15.253258	4.965162	2.999099	3.643118	6.975619	13.496772	4.019312	14.596129	0.051795
12.704506	14.519979	9.582809	1.380424	13.277111	3.358071	5.202463	12.463922	3.036236	10.293973	3.25954	2.900434	7.968737	0.051795
0.849209	13.058678	8.081292	11.181498	11.676313	4.772591	4.370063	6.662799	6.247936	5.142967	9.626728	5.014421	13.263708	0.051795
11.731714	9.556449	2.784591	3.607463	10.550049	9.922688	11.962407	5.33109	9.538359	4.213968	4.135719	9.737129	6.84354	0.084834
4.566104	11.045371	5.019358	12.314752	12.340171	6.342883	7.283708	0.189929	10.733948	3.663815	9.917279	5.540698	10.95715	0.084834
10.723141	6.238643	13.035799	13.806775	5.675409	2.121482	7.517683	6.57143	4.511243	2.475558	13.410696	7.709096	6.118211	0.084834
6.243906	5.849454	12.362408	5.402349	7.237062	7.383716	3.073776	11.489615	6.73156	12.054785	6.252185	6.40396	9.376274	0.13895
8.239352	1.597787	4.31187	8.076088	13.774556	6.887907	9.396482	9.153457	5.037624	13.883733	6.401512	12.867588	0.233095	0.13895
7.938216	5.730344	1.024223	2.415007	14.287437	11.639348	0.362849	9.563675	0.980257	13.112212	8.129096	7.971658	16.706727	0.13895
5.428009	11.561293	3.021801	6.568572	11.953217	10.574253	9.635121	11.227311	0.571804	7.333218	7.468198	9.294246	5.135373	0.227585
3.405157	6.648039	7.530431	12.032457	8.672042	3.07285	4.662747	12.890668	12.406279	7.295044	7.162569	6.454168	7.539964	0.227585
0.911123	6.366971	12.927236	8.830264	1.794671	10.301939	12.120941	1.96139	7.44955	10.902479	11.351973	7.360332	7.493544	0.227585
11.132673	5.033366	5.707317	8.740221	5.122684	17.442573	4.472257	6.759648	11.867121	0.023619	19.445431	0.270975	3.609356	0.372759
6.224219	6.599169	5.185312	0.468082	0.079075	11.15766	4.167351	11.28447	5.724827	11.591026	13.428662	10.556103	13.161284	0.372759
6.71068	13.640162	9.719783	14.771875	3.382847	9.079381	7.059737	12.012072	0.003469	12.387966	4.093292	4.563467	2.20251	0.372759
0.007569	13.088564	5.338682	15.077054	8.110105	9.205263	6.016155	6.419954	10.824445	5.167318	3.848016	13.074699	3.211635	0.61054
11.115445	1.084253	4.258506	15.403597	15.287719	7.341805	0.641463	7.167774	11.727679	9.611975	4.820648	4.233706	6.69489	0.61054
9.296623	11.936873	3.127709	4.550984	17.730464	2.972071	3.888277	2.973206	11.83794	10.20646	15.629027	2.823781	2.416047	0.61054
2.263522	11.834818	9.094568	4.328936	9.245591	8.910708	6.494601	15.532218	5.92152	0.509018	7.067972	12.616252	5.180277	1.0
0.754968	1.278051	11.865852	14.250842	13.799989	8.804048	12.846944	8.542713	1.115939	7.726759	13.56086	0.84095	3.612086	1.0
10.261092	1.779395	6.657723	6.871621	12.332621	5.710164	10.598678	10.737405	10.927242	4.631312	9.531575	3.79776	5.163411	1.0
