chrom	start	end	BULK-PBMC-1313	BULK-PBMC-1382	BULK-PBMC-1389	BULK-Tumor-1313	BULK-Tumor-1382	BULK-Tumor-1389	CD14-PBMC-1313	CD14-PBMC-1382	CD14-PBMC-1389	CD14-Tumor-1382	CD19-PBMC-1313	CD19-PBMC-1382	CD19-PBMC-1389	CD19-Tumor-1382	CD4-PBMC-1313	CD4-PBMC-1382	CD4-PBMC-1389	CD4-Tumor-1382	CD56-PBMC-1313	CD56-PBMC-1382	CD56-PBMC-1389	CD56-Tumor-1382	CD8-PBMC-1313	CD8-PBMC-1382	CD8-PBMC-1389	CD8-Tumor-1382	cfDNA-1313	cfDNA-1382	cfDNA-1389	Epcam-Tumor-1313	Epcam-Tumor-1382	Epcam-Tumor-1389
chr1	633176	633178	1	0.902	1	0.8	0.5	0	1	NA	0.898	NA	1	1	0.778	1	1	1	0.768	1	1	1	0.889	0.714	1	0.626	0.934	1	NA	NA	NA	0	0	0
chr1	633189	633191	0.75	1	1	0.833	0.497	0	0.77	1	1	NA	0.859	1	0.777	1	1	1	0.844	1	1	1	1	1	0.797	1	0.877	1	NA	NA	NA	0	0	0
chr1	633206	633208	0.444	0.635	0.9	1	0.497	0	1	1	0.844	1	1	NA	1	1	1	1	0.835	1	1	NA	0.91	0.448	1	0.7	0.785	NA	NA	NA	NA	0.6	0	0
chr1	866395	866397	0.9	1	0.826	0.215	0.4	0.534	1	0.854	1	1	1	0.82	0.9	0	0.9	0.724	0.833	1	0.885	0.82	1	1	0.787	0.636	0.4	1	NA	0.5	NA	1	0	0
chr1	866438	866440	0.802	0.603	0.684	0.165	0.165	0.496	1	0.891	0.857	1	0.904	1	1	0	1	0.667	0.57	1	0.715	0.777	0.749	0.503	0.702	0.598	0.667	1	NA	NA	0.5	1	0	0.33
chr1	866469	866471	0.573	0.662	0.807	0.31	0.202	0.6	1	0.875	0.857	1	0.904	0.75	0.598	0.667	0.872	0.726	0.665	0.57	0.816	0.833	0.447	0.447	0.663	0.686	0.557	1	NA	NA	0.667	0	0	0
chr1	866487	866489	0.835	1	0.861	0.443	0.222	0.502	0.89	1	0.833	1	1	0.835	1	0	0.902	0.82	1	0.57	1	1	0.9	0.82	1	1	0.9	0	NA	NA	1	0	0	0.64
chr1	866494	866496	0.835	1	0.954	0.498	0.202	0.429	0.91	1	1	1	0.902	1	1	0.778	0.923	1	1	1	1	1	0.889	1	1	0.835	1	1	NA	NA	1	1	0	0.36
chr1	866515	866517	0.802	1	0.816	0.557	0	0.375	0.803	1	0.889	1	0.872	1	1	0.833	0.465	0.833	0.753	1	0.891	0.802	0.716	0.667	1	0.81	0.835	1	NA	NA	1	0	0	0
