Mixture	mincpg	totalreadCT	totalreadnonCT	acceptedtrueCTcount	acceptedfalseCTcount	true_pos/all_pos	rejectedtrueCTcount	rejectedfalseCTcount	true_neg/all_neg	false_neg/all_pos	false_pos/all_neg	F1-score	totalTestedreadCT	totalTestedreadnonCT	totalTestedread	totalread	mNeu_real_rdtotal	mNeu_real_rdtested	mNeu_real
mNeuallrange_NR_81205_insilmix13	3	2	39589	0	11	0.0	1464	0	1.0	-1.0	0.007457627118644069	0.0	0	1475	1475	39591	5.051653153494481e-05	0.0	0.004927201
mNeuallrange_NR_81205_insilmix57	3	11819	27677	330	3	0.990990990990991	1014	23	0.9778206364513018	0.06515580736543909	0.002949852507374631	0.9620991253644317	353	1017	1370	39496	0.2992454932145027	0.2576642335766423	29.95822705
mNeuallrange_NR_81205_insilmix60	3	3924	35656	115	8	0.934959349593496	1294	9	0.9930928626247122	0.07258064516129033	0.006144393241167436	0.931174089068826	124	1302	1426	39580	0.09914098029307733	0.08695652173913042	9.967477271
mNeuallrange_NR_81205_insilmix24	3	12	39530	0	16	0.0	1474	0	1.0	-1.0	0.010738255033557045	0.0	0	1490	1490	39542	0.0003034747863031713	0.0	0.030788557
mNeuallrange_NR_81205_insilmix44	3	391	39203	14	16	0.4666666666666667	1426	1	0.9992992291520671	0.06666666666666668	0.011095700416088766	0.6222222222222222	15	1442	1457	39594	0.009875233621255744	0.01029512697323267	0.994160692
mNeuallrange_NR_81205_insilmix37	3	147	39334	4	14	0.2222222222222222	1450	0	1.0	0.0	0.009562841530054643	0.3636363636363637	4	1464	1468	39481	0.003723309946556572	0.0027247956403269754	0.369590125
mNeuallrange_NR_81205_insilmix38	3	147	39358	4	11	0.26666666666666666	1455	0	1.0	0.0	0.007503410641200545	0.42105263157894735	4	1466	1470	39505	0.003721047968611568	0.002721088435374149	0.369585571
mNeuallrange_NR_81205_insilmix12	3	1	39487	0	11	0.0	1442	0	1.0	-1.0	0.007570543702684102	0.0	0	1453	1453	39488	2.532414910858995e-05	0.0	0.002463509
mNeuallrange_NR_81205_insilmix58	3	3924	35601	115	8	0.934959349593496	1332	9	0.9932885906040269	0.07258064516129033	0.005970149253731343	0.931174089068826	124	1340	1464	39525	0.09927893738140416	0.08469945355191258	9.972391352999999
mNeuallrange_NR_81205_insilmix8	3	1	39579	0	11	0.0	1443	0	1.0	-1.0	0.007565337001375515	0.0	0	1454	1454	39580	2.5265285497726127e-05	0.0	0.002463479
mNeuallrange_NR_81205_insilmix43	3	391	39109	14	11	0.56	1416	1	0.9992942836979536	0.06666666666666668	0.007708479327259986	0.7	15	1427	1442	39500	0.009898734177215191	0.010402219140083218	0.994001503
mNeuallrange_NR_81205_insilmix30	3	33	39503	1	9	0.1	1451	0	1.0	0.0	0.0061643835616438354	0.18181818181818185	1	1460	1461	39536	0.0008346823148522865	0.0006844626967830253	0.082540778
mNeuallrange_NR_81205_insilmix50	3	27639	11870	824	2	0.9975786924939468	444	60	0.8809523809523809	0.06787330316742081	0.004484304932735426	0.9637426900584796	884	446	1330	39509	0.6995621250854236	0.6646616541353384	69.97658368
mNeuallrange_NR_81205_insilmix23	3	12	39552	0	10	0.0	1430	0	1.0	-1.0	0.006944444444444444	0.0	0	1440	1440	39564	0.00030330603579011223	0.0	0.030785523
mNeuallrange_NR_81205_insilmix42	3	239	39283	8	15	0.3478260869565217	1447	0	1.0	0.0	0.010259917920656636	0.5161290322580645	8	1462	1470	39522	0.0060472648145336785	0.005442176870748299	0.604880933
mNeuallrange_NR_81205_insilmix31	3	56	39482	1	13	0.07142857142857142	1484	0	1.0	0.0	0.008684034736138945	0.13333333333333333	1	1497	1498	39538	0.0014163589458242704	0.0006675567423230973	0.139227717
mNeuallrange_NR_81205_insilmix15	3	2	39517	0	15	0.0	1432	0	1.0	-1.0	0.010366275051831377	0.0	0	1447	1447	39519	5.060856803056758e-05	0.0	0.004929144
mNeuallrange_NR_81205_insilmix51	3	27639	11843	824	1	0.9987878787878788	459	60	0.884393063583815	0.06787330316742081	0.002173913043478261	0.9643066120538326	884	460	1344	39482	0.7000405247961096	0.6577380952380952	69.98262113
mNeuallrange_NR_81205_insilmix22	3	12	39532	0	10	0.0	1453	0	1.0	-1.0	0.00683526999316473	0.0	0	1463	1463	39544	0.000303459437588509	0.0	0.030792728
mNeuallrange_NR_81205_insilmix7	3	1	39567	0	15	0.0	1495	0	1.0	-1.0	0.009933774834437088	0.0	0	1510	1510	39568	2.5272947836635667e-05	0.0	0.002463418
mNeuallrange_NR_81205_insilmix40	3	239	39334	8	8	0.5	1467	0	1.0	0.0	0.0054237288135593215	0.6666666666666666	8	1475	1483	39573	0.006039471356733126	0.005394470667565745	0.6047095920000001
mNeuallrange_NR_81205_insilmix33	3	56	39468	1	9	0.1	1469	0	1.0	0.0	0.006089309878213802	0.18181818181818185	1	1478	1479	39524	0.0014168606416354618	0.0006761325219743071	0.139198561
mNeuallrange_NR_81205_insilmix53	3	19724	19722	570	4	0.9930313588850174	749	41	0.9481012658227848	0.06710310965630115	0.005312084993359893	0.9620253164556962	611	753	1364	39446	0.5000253511129139	0.4479472140762463	49.9661042
mNeuallrange_NR_81205_insilmix17	3	4	39498	0	9	0.0	1477	0	1.0	-1.0	0.006056527590847914	0.0	0	1486	1486	39502	0.0001012606956609792	0.0	0.009851367
mNeuallrange_NR_81205_insilmix20	3	7	39620	0	11	0.0	1442	0	1.0	-1.0	0.007570543702684102	0.0	0	1453	1453	39627	0.00017664723547076492	0.0	0.017249663999999998
mNeuallrange_NR_81205_insilmix18	3	4	39468	0	14	0.0	1444	0	1.0	-1.0	0.009602194787379972	0.0	0	1458	1458	39472	0.00010133765707336846	0.0	0.009855494
mNeuallrange_NR_81205_insilmix41	3	239	39295	8	9	0.4705882352941176	1472	0	1.0	0.0	0.006076975016880486	0.64	8	1481	1489	39534	0.006045429250771488	0.005372733378106112	0.604895837
mNeuallrange_NR_81205_insilmix32	3	56	39369	1	18	0.05263157894736842	1469	0	1.0	0.0	0.0121049092131809	0.1	1	1487	1488	39425	0.0014204185161699428	0.0006720430107526883	0.139210565
mNeuallrange_NR_81205_insilmix52	3	19724	19749	570	5	0.991304347826087	749	41	0.9481012658227848	0.06710310965630115	0.006631299734748011	0.9612141652613828	611	754	1365	39473	0.4996833278443493	0.4476190476190477	49.96302504
mNeuallrange_NR_81205_insilmix21	3	7	39453	0	14	0.0	1456	0	1.0	-1.0	0.009523809523809523	0.0	0	1470	1470	39460	0.00017739483020780538	0.0	0.017245415
mNeuallrange_NR_81205_insilmix10	3	1	39533	0	11	0.0	1431	0	1.0	-1.0	0.0076282940360610264	0.0	0	1442	1442	39534	2.529468305762129e-05	0.0	0.002463358
mNeuallrange_NR_81205_insilmix49	3	27639	11821	824	2	0.9975786924939468	459	60	0.884393063583815	0.06787330316742081	0.0043383947939262466	0.9637426900584796	884	461	1345	39460	0.7004308160162189	0.6572490706319702	69.97313418
mNeuallrange_NR_81205_insilmix29	3	33	39477	1	9	0.1	1502	0	1.0	0.0	0.005956320317670417	0.18181818181818185	1	1511	1512	39510	0.0008352315869400152	0.0006613756613756612	0.082566207
mNeuallrange_NR_81205_insilmix55	3	11819	27666	330	7	0.9792284866468842	1008	23	0.9776915615906888	0.06515580736543909	0.006896551724137931	0.9565217391304348	353	1015	1368	39485	0.2993288590604027	0.2580409356725146	29.9567505
mNeuallrange_NR_81205_insilmix11	3	1	39571	0	13	0.0	1444	0	1.0	-1.0	0.00892244337680165	0.0	0	1457	1457	39572	2.5270393207318306e-05	0.0	0.002463085
mNeuallrange_NR_81205_insilmix26	3	20	39454	0	11	0.0	1434	0	1.0	-1.0	0.0076124567474048456	0.0	0	1445	1445	39474	0.0005066626133657597	0.0	0.050487015
mNeuallrange_NR_81205_insilmix46	3	35557	3938	1076	0	1.0	149	71	0.6772727272727272	0.06190061028770706	0.0	0.9680611785874944	1147	149	1296	39495	0.9002911760982403	0.8850308641975309	90.00098597
mNeuallrange_NR_81205_insilmix35	3	90	39391	2	20	0.09090909090909093	1454	0	1.0	0.0	0.0135685210312076	0.16666666666666666	2	1474	1476	39481	0.0022795775182999412	0.0013550135501355016	0.225397216
mNeuallrange_NR_81205_insilmix14	3	2	39530	0	13	0.0	1464	0	1.0	-1.0	0.008801624915368992	0.0	0	1477	1477	39532	5.059192552868562e-05	0.0	0.004926048
mNeuallrange_NR_81205_insilmix9	3	1	39556	0	11	0.0	1441	0	1.0	-1.0	0.007575757575757577	0.0	0	1452	1452	39557	2.52799757312233e-05	0.0	0.002463145
mNeuallrange_NR_81205_insilmix39	3	147	39403	4	11	0.26666666666666666	1472	0	1.0	0.0	0.007417397167902898	0.42105263157894735	4	1483	1487	39550	0.003716814159292035	0.0026899798251513113	0.369594678
mNeuallrange_NR_81205_insilmix59	3	3924	35589	115	9	0.9274193548387096	1315	9	0.9932024169184291	0.07258064516129033	0.006797583081570997	0.9274193548387096	124	1324	1448	39513	0.09930908814820437	0.0856353591160221	9.971408149
mNeuallrange_NR_81205_insilmix25	3	20	39529	0	13	0.0	1529	0	1.0	-1.0	0.008430609597924774	0.0	0	1542	1542	39549	0.0005057017876558194	0.0	0.050505673
mNeuallrange_NR_81205_insilmix56	3	11819	27614	330	9	0.9734513274336284	1004	23	0.9776046738072056	0.06515580736543909	0.008884501480750245	0.9537572254335259	353	1013	1366	39433	0.2997235817716126	0.25841874084919475	29.9567505
mNeuallrange_NR_81205_insilmix36	3	90	39438	2	11	0.15384615384615385	1445	0	1.0	0.0	0.007554945054945055	0.26666666666666666	2	1456	1458	39528	0.0022768670309653923	0.0013717421124828533	0.225499982
mNeuallrange_NR_81205_insilmix45	3	391	39216	14	19	0.42424242424242425	1411	1	0.9992917847025496	0.06666666666666668	0.013286713286713287	0.5833333333333334	15	1430	1445	39607	0.009871992324589088	0.010380622837370242	0.994087214
mNeuallrange_NR_81205_insilmix27	3	20	39465	0	11	0.0	1498	0	1.0	-1.0	0.00728959575878065	0.0	0	1509	1509	39485	0.0005065214638470307	0.0	0.050511273
mNeuallrange_NR_81205_insilmix54	3	19724	19751	570	3	0.9947643979057592	795	41	0.9509569377990432	0.06710310965630115	0.003759398496240601	0.9628378378378378	611	798	1409	39475	0.49965801139962	0.43364088005677787	49.99075113
mNeuallrange_NR_81205_insilmix34	3	90	39519	2	12	0.14285714285714285	1434	0	1.0	0.0	0.008298755186721992	0.25	2	1446	1448	39609	0.0022722108611679163	0.0013812154696132596	0.225405545
mNeuallrange_NR_81205_insilmix47	3	35557	3933	1076	0	1.0	153	71	0.6830357142857143	0.06190061028770706	0.0	0.9680611785874944	1147	153	1300	39490	0.9004051658647759	0.8823076923076923	90.00209522
mNeuallrange_NR_81205_insilmix48	3	35557	3941	1076	0	1.0	152	71	0.6816143497757847	0.06190061028770706	0.0	0.9680611785874944	1147	152	1299	39498	0.9002227960909414	0.8829869130100076	90.00542313
mNeuallrange_NR_81205_insilmix28	3	33	39467	1	12	0.07692307692307693	1428	0	1.0	0.0	0.008333333333333333	0.14285714285714285	1	1440	1441	39500	0.0008354430379746836	0.0006939625260235947	0.082547896
mNeuallrange_NR_81205_insilmix19	3	7	39507	0	19	0.0	1426	0	1.0	-1.0	0.01314878892733564	0.0	0	1445	1445	39514	0.00017715240168041706	0.0	0.017234375
mNeuallrange_NR_81205_insilmix16	3	4	39594	0	16	0.0	1471	0	1.0	-1.0	0.010759919300605244	0.0	0	1487	1487	39598	0.0001010152027880196	0.0	0.00985428
