Mixture	Mono	Bcell	CD4	CD8	NK	Mono_real	Bcell_real	CD4_real	CD8_real	NK_real
tot-66-cfDNA	59.7599419243611	6.81440423553724	12.1925075636868	11.0568685797957	10.1762776966191	63.9950065100268	7.23498776291674	10.8272030298262	7.7362365734291	10.2065661238011
tot-67-cfDNA	51.4016502251024	7.27012170921188	15.9594678976839	12.7432306320548	12.6255295359471	55.8742192520391	7.83519977983063	14.3860027599531	9.0505635521967	12.8540146559805
tot-72-cfDNA	51.929906593426	7.24198342620705	16.3065884669646	11.6367921568458	12.8847293565565	56.2600460947625	7.77882598350594	14.6498432997887	8.23715983563408	13.0741247863087
tot-PH1-cfDNA	49.9146396308215	8.66163536484368	15.2579214880804	11.1872495508726	14.9785539653818	53.9656494092921	9.28460328906863	13.6795612919246	7.90268128102479	15.1675047286898
tot-PH16-cfDNA	40.1812586636126	8.6682992621521	16.9817732801897	14.4157077845576	19.7529610094881	44.2636036203238	9.46740847145755	15.51292153999	10.3757828770167	20.380283491212
tot-PH17-cfDNA	53.019366493088	8.78189934007993	10.5790204453314	13.3603526667587	14.259361054742	57.2664932352945	9.40434380069017	9.47542804343684	9.42856611812479	14.4251688024537
tot-PH4-cfDNA	49.0508499937582	7.00265973801732	14.7107417728105	13.7067446191317	15.5290038762823	53.4948051070894	7.57185142708352	13.3041450227199	9.7669972779666	15.8622011651406
tot-PH7-cfDNA	54.2412769501702	7.40882221289259	13.5591213316943	12.2162624056068	12.5745170996361	58.5823134825564	7.93340771148673	12.1438246168384	8.62058303848822	12.7198711506302
tot-YUCLUE_20-3998-cfDNA	51.6647283860396	7.6296819943749	13.0504736441922	14.5723303803825	13.0827855950109	56.2637768878941	8.23787420783137	11.7855086722308	10.3687263803534	13.3441138516902
tot-YUMARS_15-3443-cfDNA	51.5488730192708	8.14695747972411	11.3972873347427	13.3838046303713	15.5230775358911	55.8123592702382	8.74541943322778	10.2329306211786	9.46787396492358	15.7414167104319
tot-YUMICRO_20-4006-cfDNA	33.5674549808719	7.30502421883278	20.7531368065981	23.199004975367	15.1753790183302	38.4108358660908	8.28764214834768	19.6927522900015	17.3446833012858	16.2640863942741
tot-YUMOTE_17-3755-cfDNA	47.1417158392775	9.96900249173162	15.8172042270823	15.4712190976257	11.6008583442829	51.7381906175582	10.8475470573485	14.3953722291127	11.0940996066165	11.9247904893642
tot-YUPRAF_19-3925-cfDNA	51.5955295107382	7.56253355094347	16.66952649777	13.2162189354041	10.9561915051443	56.1960556097773	8.16648298492183	15.0558177726525	9.40508354265733	11.1765600899911
tot-YUREIL_17-3713-cfDNA	61.8567801268624	7.29689842386297	11.6110300767222	9.56883417751707	9.66645719503539	65.7872580336515	7.69425834408989	10.2402969897678	6.64928852334924	9.62889810914161
tot-YUSTRAW_20-4002-cfDNA	57.3676860204941	6.81058038674183	9.53890293993896	12.3965981824298	13.8862324703953	61.5957871714048	7.25006312531032	8.49316249151695	8.69656755758961	13.9644196541784
tot-YUTAUR_19-3926-cfDNA	62.6028562917305	7.32164853100397	9.52887385024809	11.7034229232324	8.843198403785	66.8169543325467	7.74774630480605	8.43376373978214	8.16144578045442	8.84008984241069
tot-YUTHEA_20-4000-cfDNA	47.0420991909107	10.6182746168378	13.5006882998795	16.009281892649	12.829655999723	51.557801999215	11.5381356785873	12.2701801113669	11.4641332751313	13.1697489356994
tot-YUVIRTUE_20-4029-cfDNA	48.7444329176896	7.69795625694907	13.7904743067485	14.893107887878	14.8740286307348	53.2876134804691	8.34354619061498	12.5016627174055	10.637712711816	15.2294648996944
Y-3674-cfDNA	60.9483886987303	5.79419323431715	8.52681629990522	10.990984512824	13.7396172542233	64.9674431383367	6.1235110866181	7.53716077464846	7.65476417683096	13.7171208235658
Y-3685-cfDNA	51.9898474391373	6.86055988820408	11.853383123977	13.5116266222418	15.7845829264398	56.3677852390105	7.37472746283034	10.6571744808664	9.57153820418043	16.0287746131124
Y-3688-cfDNA	40.3994669253641	10.9614966189247	15.0347002493724	15.7601524721162	17.8441837342226	44.5197439986905	11.9762503371279	13.7391265500325	11.3474717964063	18.4174073177427
Y-3694-cfDNA	53.7893280928893	7.37905555652066	14.4810595581024	10.73537238464	13.6151844078477	57.9126968291178	7.87684750145828	12.9290119182424	7.55190393918306	13.7295398119985
Y-3703-cfDNA	47.0787359284569	7.40444495703551	13.2319107658991	16.662528470854	15.6223798777545	51.7853307416579	8.07511019084337	12.0695714614926	11.9752486257584	16.0947389802477
Y-3706-cfDNA	53.2213510979665	7.75326931388754	13.7079745317792	14.6502618312213	10.6671432251455	57.950879152307	8.3701451712982	12.377551682127	10.4227229393615	10.8787010549063
Y-3707-cfDNA	48.1715550177616	7.03941923584928	10.9936734754555	15.4355607741111	18.3597914968225	52.618688566672	7.62360123741464	9.95816949126139	11.0162412806836	18.7832994239683
Y-3711-cfDNA	42.413028340397	8.54298440637844	18.0192503752958	16.9920721260838	14.0326647518451	47.0885725679656	9.40372334637638	16.5897670878873	12.3260594812834	14.5918775164873
Y-3715-cfDNA	58.605020404579	6.8564079334124	11.8272057714962	14.8163017064772	7.89506418403527	63.5038895293439	7.36607507285569	10.6275946996701	10.4897947616981	8.01264593643225
Y-3720-cfDNA	45.5808991801322	10.4637678028397	14.3644293952904	16.1857883909126	13.4051152308251	50.0901940806504	11.4007102281644	13.090177371455	11.6215848617546	13.7973334579756
Y-3735-cfDNA	52.4637264223207	8.56713768597682	10.6598518079927	12.3236278538953	15.9856562298146	56.5210815943082	9.15084213873411	9.52335168801976	8.67464234505124	16.1300822338867
Y-3737-cfDNA	62.4326702028826	6.40462002703213	12.8719861812337	9.68876714501905	8.60195644383255	66.5283503303759	6.76647063228564	11.3743800669872	6.74566914738007	8.58512982297119
Y-3814-cfDNA	57.096152484374	9.96199238396765	11.1556158966987	10.6194091572227	11.1668300777369	60.9863582379322	10.5498442889339	9.88113278667	7.4111889272388	11.1714757592251
Y-3824-cfDNA	46.3197047019552	7.93957764475532	13.1997688585547	16.4720852799652	16.0688635147695	50.9287804327433	8.65503606882806	12.0351400090793	11.8333510889392	16.5476924004102
Y-3879-cfDNA	60.0195332437733	9.18854481964376	10.1182293794231	10.6900159060712	9.98367665108862	63.9488984895374	9.70646694661962	8.93989259746276	7.44184258686268	9.96289937951755
Y-3880-cfDNA	50.0101719811849	8.46627339511739	13.4347978551426	13.9768242334643	14.1119325350907	54.4213970760473	9.13434928929361	12.1235498047173	9.93760008622739	14.3831037437144
Y-3893-cfDNA	43.7952956835482	11.6300380651086	18.0777158769442	15.2187918603722	11.2781585140268	48.2201246804507	12.6956806555706	16.505616441324	10.9481998649596	11.6303783576951
Y-3918-cfDNA	48.9508704747277	6.29315047445562	15.8420080670741	17.7489685921616	11.165002391581	54.1604759853178	6.90341778354086	14.5351530676273	12.8308919488954	11.5700612146188
Y-3920-cfDNA	51.2733969603822	10.0404322662547	11.9091141530149	10.2526235276993	16.5244330926489	54.9675856231584	10.671880867027	10.5872057863737	7.18143533716156	16.5918923862794
Y-3925-cfDNA	52.300524137177	8.15446730300765	15.0385913907104	12.9303522598468	11.5760649092581	56.7579252948686	8.77384694097577	13.5336504857218	9.16837779708655	11.7661994813472
Y-3938-cfDNA	38.7605664816919	11.0058278758336	17.5734376995647	22.5398581972182	10.1203097456917	43.8215840845304	12.3365766327513	16.4756292031298	16.6498685823139	10.7163414972747
Y-3941-cfDNA	57.5022148084556	6.69939586554735	14.0675033402356	10.795119889584	10.9357660961775	61.7602059725559	7.13401127389092	12.5293492775838	7.57553495436639	11.000898521603
y4-YUEVRY_19_3935-cfDNA	49.0470094108347	9.5213558186121	12.6590841021	13.3088224494593	15.4637282189939	53.217332128705	10.2426739839862	11.3901692729278	9.43499928785737	15.7148253265236
y4-YUMORF_17_3654-cfDNA	35.2691334117534	7.40133352305253	30.9369892642292	15.673446935516	10.7190968654489	39.8332306516956	8.2877130272626	28.9745109866472	11.5658334347537	11.338711899641
y4-YUPARK_18_3832-cfDNA	49.7037226123754	5.66054511144317	15.644641271813	10.9762928008629	18.0147982035055	53.8305963811214	6.07816545145975	14.0505462844659	7.76707737446243	18.2736145084905
y4-YUPARK_18_3856-cfDNA	57.0795533071488	6.55995058099099	14.7611900089752	10.7480730691984	10.8512330336866	61.3692511436327	6.9926986566021	13.1606989520697	7.55027103285787	10.9270802148376
