chrom	start	end	DMRlength	reporter	#cpg	celltype
chr1	2301964	2302282	318	1.8705882352941177	10	[CD8]
chr1	3664756	3665237	481	2.8294117647058825	13	[mB]
chr1	6282776	6283095	319	1.8764705882352941	8	[Eo]
chr1	6498701	6499009	308	1.811764705882353	9	[DC]
chr1	12168470	12169152	682	4.011764705882353	13	[Tr]
chr1	12215637	12215725	88	0.5176470588235295	5	[Er]
chr1	13711401	13711603	202	1.188235294117647	4	[mNeu]
chr1	21020138	21020317	179	1.0529411764705883	4	[NK]
chr1	21320090	21320281	191	1.1235294117647059	9	[Er]
chr1	24983161	24983351	190	1.1176470588235294	8	[CD8]
chr1	32387133	32387499	366	2.152941176470588	11	[CD4]
chr1	36418604	36418987	383	2.2529411764705882	8	[mNeu]
chr1	38493747	38493790	43	0.2529411764705882	4	[mNeu]
chr1	40824737	40824919	182	1.0705882352941176	4	[nB]
chr1	41696507	41696678	171	1.0058823529411764	5	[nB]
chr1	42373455	42373758	303	1.7823529411764707	8	[Eo]
chr1	42824082	42824335	253	1.488235294117647	11	[Er]
chr1	44637812	44637996	184	1.0823529411764705	7	[Er]
chr1	77139180	77139311	131	0.7705882352941177	4	[mNeu]
chr1	84371185	84371274	89	0.5235294117647059	4	[NK]
chr1	89911714	89911789	75	0.4411764705882353	4	[NK]
chr1	107863667	107863886	219	1.2882352941176471	4	[nB]
chr1	111138507	111138931	424	2.4941176470588236	16	[mB]
chr1	160327468	160327586	118	0.6941176470588235	7	[Eo]
chr1	182088191	182088409	218	1.2823529411764707	9	[m4]
chr1	206932335	206932499	164	0.9647058823529412	6	[DC]
chr1	207964252	207964645	393	2.3117647058823527	15	[Er]
chr1	226826557	226826733	176	1.035294117647059	6	[Mn]
chr1	230130741	230130904	163	0.9588235294117647	6	[nB]
chr1	230985120	230985644	524	3.0823529411764707	5	[Er]
chr1	233257872	233258087	215	1.2647058823529411	6	[mNeu]
chr1	247328406	247328793	387	2.276470588235294	6	[CD8]
chr10	5754070	5754515	445	2.6176470588235294	13	[CD4]
chr10	7494538	7494695	157	0.9235294117647059	5	[nB]
chr10	11606814	11606935	121	0.711764705882353	6	[mB]
chr10	12603190	12603309	119	0.7	6	[mNeu]
chr10	14734921	14735091	170	1.0	4	[nB]
chr10	17650749	17651109	360	2.1176470588235294	18	[Tr]
chr10	17660300	17660757	457	2.6882352941176473	8	[Tr]
chr10	69455031	69455119	88	0.5176470588235295	6	[Mg]
chr10	100355486	100355672	186	1.0941176470588236	4	[mNeu]
chr10	112372385	112372762	377	2.2176470588235295	8	[CD8]
chr10	113160706	113160775	69	0.40588235294117647	4	[Mn]
chr10	113168513	113168771	258	1.5176470588235293	8	[Mn]
chr10	113665574	113666141	567	3.335294117647059	8	[Eo]
chr10	114067030	114067131	101	0.5941176470588235	7	[nB]
chr10	117704672	117704703	31	0.18235294117647058	4	[mNeu]
chr10	119512053	119512468	415	2.4411764705882355	18	[CD8]
chr10	119524319	119524405	86	0.5058823529411764	5	[CD8]
chr10	124538879	124539185	306	1.8	5	[nB]
chr10	124597456	124598513	1057	6.2176470588235295	23	[nB]
chr10	124624646	124624718	72	0.4235294117647059	5	[nB]
chr10	132325911	132326115	204	1.2	9	[Eo]
chr10	132631441	132631752	311	1.8294117647058823	16	[Mg]
chr10	132686364	132686545	181	1.0647058823529412	7	[NK]
chr11	1042081	1042271	190	1.1176470588235294	11	[Er]
chr11	2702831	2703082	251	1.4764705882352942	9	[nB]
chr11	6252000	6252502	502	2.9529411764705884	6	[Er]
chr11	9666140	9666275	135	0.7941176470588235	6	[mB]
chr11	9666747	9667007	260	1.5294117647058822	9	[mB]
chr11	59757664	59757977	313	1.8411764705882352	6	[Eo]
chr11	61265407	61265632	225	1.3235294117647058	8	[Eo]
chr11	63877909	63878091	182	1.0705882352941176	4	[CD8]
chr11	64490608	64490797	189	1.111764705882353	10	[CD4]
chr11	65310317	65310484	167	0.9823529411764705	6	[Mn]
chr11	66314534	66314997	463	2.723529411764706	13	[CD8]
chr11	66315595	66316787	1192	7.011764705882353	62	[CD8]
chr11	76689267	76689686	419	2.4647058823529413	11	[DC]
chr11	118248260	118248304	44	0.25882352941176473	4	[Mn]
chr11	118839287	118839524	237	1.3941176470588235	4	[mB]
chr11	128861633	128862018	385	2.264705882352941	14	[Mg]
chr12	3905651	3906251	600	3.5294117647058822	8	[CD4]
chr12	4535126	4535315	189	1.111764705882353	4	[mB]
chr12	6775068	6775447	379	2.2294117647058824	7	[m8]
chr12	9730836	9731009	173	1.0176470588235293	6	[mB]
chr12	10312251	10312966	715	4.205882352941177	32	[NK]
chr12	10560380	10560490	110	0.6470588235294118	5	[CD8]
chr12	10672215	10672900	685	4.029411764705882	14	[m8]
chr12	40313947	40314187	240	1.411764705882353	9	[mB]
chr12	47394152	47394923	771	4.535294117647059	15	[m8]
chr12	53309981	53310326	345	2.0294117647058822	8	[Er]
chr12	56022830	56023180	350	2.0588235294117645	22	[Tr]
chr12	57104487	57104637	150	0.8823529411764706	6	[DC]
chr12	101428343	101428493	150	0.8823529411764706	7	[Mn]
chr12	102050499	102050643	144	0.8470588235294118	4	[NK]
chr12	105333364	105333427	63	0.37058823529411766	5	[NK]
chr12	109923814	109924188	374	2.2	11	[mB]
chr12	116816120	116816469	349	2.052941176470588	9	[nB]
chr12	121283001	121283240	239	1.4058823529411764	8	[Er]
chr12	122558832	122559322	490	2.8823529411764706	13	[mB]
chr12	123750302	123751279	977	5.747058823529412	20	[NK]
chr12	124769670	124770100	430	2.5294117647058822	12	[m8]
chr12	124807430	124807780	350	2.0588235294117645	8	[Er]
chr12	128814787	128815000	213	1.2529411764705882	11	[NK]
chr12	132431721	132431840	119	0.7	9	[nB]
chr12	132443647	132443788	141	0.8294117647058824	8	[CD8]
chr13	27152708	27152897	189	1.111764705882353	10	[mB]
chr13	40464472	40464565	93	0.5470588235294118	7	[mB]
chr13	46651385	46651794	409	2.4058823529411764	18	[Tr]
chr13	49314162	49314215	53	0.31176470588235294	5	[DC]
chr13	50630033	50630398	365	2.1470588235294117	6	[Mn]
chr13	99392687	99392782	95	0.5588235294117647	5	[nB]
chr13	114070605	114071045	440	2.588235294117647	39	[NK]
chr14	20897241	20897309	68	0.4	4	[mNeu]
chr14	52304989	52305296	307	1.8058823529411765	4	[mNeu]
chr14	64446627	64446905	278	1.6352941176470588	11	[NK]
chr14	68755833	68756086	253	1.488235294117647	4	[nB]
chr14	68961862	68962056	194	1.1411764705882352	5	[DC]
chr14	69240747	69241071	324	1.9058823529411764	8	[Eo]
chr14	74934694	74934786	92	0.5411764705882353	6	[nB]
chr14	77029428	77029733	305	1.7941176470588236	11	[CD4]
chr14	90385110	90385156	46	0.27058823529411763	6	[CD4]
chr14	92601320	92601671	351	2.0647058823529414	9	[NK]
chr14	92990527	92990670	143	0.8411764705882353	4	[DC]
chr14	96407682	96407833	151	0.888235294117647	5	[Er]
chr14	97924993	97925952	959	5.641176470588236	18	[m8]
chr14	98229364	98229588	224	1.3176470588235294	5	[CD4]
chr14	99320836	99321284	448	2.635294117647059	21	[NK]
chr14	100143833	100144331	498	2.929411764705882	27	[Eo]
chr14	100393804	100394136	332	1.9529411764705882	8	[NK]
chr14	100557010	100557131	121	0.711764705882353	7	[Mn]
chr14	102734505	102734791	286	1.6823529411764706	8	[Eo]
chr15	39801585	39801843	258	1.5176470588235293	9	[Eo]
chr15	43986147	43986313	166	0.9764705882352941	4	[mB]
chr15	45069411	45069591	180	1.0588235294117647	7	[Eo]
chr15	49974140	49974208	68	0.4	5	[mNeu]
chr15	52308830	52308981	151	0.888235294117647	5	[mB]
chr15	58889484	58889551	67	0.3941176470588235	5	[DC]
chr15	60704154	60705101	947	5.570588235294117	21	[m4]
chr15	62888585	62888673	88	0.5176470588235295	5	[mNeu]
chr15	64479897	64480066	169	0.9941176470588236	4	[NK]
chr15	64982207	64982302	95	0.5588235294117647	4	[mNeu]
chr15	65074456	65074649	193	1.1352941176470588	10	[mB]
chr15	68312950	68313229	279	1.6411764705882352	11	[DC]
chr15	70524301	70524681	380	2.235294117647059	5	[nB]
chr15	79316785	79317241	456	2.6823529411764704	9	[Eo]
chr15	85300807	85300996	189	1.111764705882353	6	[mB]
chr15	99414844	99415158	314	1.8470588235294119	9	[DC]
chr15	101220855	101221078	223	1.311764705882353	9	[Eo]
chr15	101698062	101698225	163	0.9588235294117647	7	[CD4]
chr15	101701721	101701933	212	1.2470588235294118	8	[nB]
chr16	516478	516643	165	0.9705882352941176	8	[Er]
chr16	1005758	1006223	465	2.735294117647059	14	[mB]
chr16	1820463	1820981	518	3.0470588235294116	14	[Er]
chr16	15971368	15971868	500	2.9411764705882355	11	[mNeu]
chr16	17963581	17963766	185	1.088235294117647	6	[mB]
chr16	23444902	23445176	274	1.611764705882353	6	[Eo]
chr16	28204669	28204923	254	1.4941176470588236	6	[Eo]
chr16	30766813	30767129	316	1.8588235294117648	7	[Er]
chr16	50081601	50082080	479	2.8176470588235296	6	[CD8]
chr16	50550239	50550307	68	0.4	6	[CD4]
chr16	67194305	67194624	319	1.8764705882352941	6	[Er]
chr16	70784971	70785310	339	1.9941176470588236	10	[DC]
chr16	79437717	79437920	203	1.1941176470588235	5	[DC]
chr16	81629787	81629891	104	0.611764705882353	7	[Mg]
chr16	84286633	84286932	299	1.7588235294117647	7	[Mg]
chr16	85773029	85773343	314	1.8470588235294119	8	[Eo]
chr16	89367725	89367889	164	0.9647058823529412	5	[nB]
chr16	89759900	89760234	334	1.964705882352941	14	[Mn]
chr17	504694	504976	282	1.6588235294117648	4	[DC]
chr17	572477	572630	153	0.9	9	[mNeu]
chr17	1092153	1092349	196	1.1529411764705881	6	[DC]
chr17	2280325	2280388	63	0.37058823529411766	5	[CD4]
chr17	2383624	2383991	367	2.1588235294117646	11	[Eo]
chr17	2406984	2407407	423	2.488235294117647	8	[DC]
chr17	8005087	8005197	110	0.6470588235294118	5	[DC]
chr17	9975772	9975998	226	1.3294117647058823	9	[mNeu]
chr17	19468413	19468463	50	0.29411764705882354	4	[Mn]
chr17	28634350	28634550	200	1.1764705882352942	5	[DC]
chr17	28861419	28861859	440	2.588235294117647	5	[Er]
chr17	32328628	32328718	90	0.5294117647058824	6	[mB]
chr17	39924125	39924187	62	0.36470588235294116	6	[CD8]
chr17	42306042	42306424	382	2.2470588235294118	11	[CD4]
chr17	50448687	50449474	787	4.629411764705883	12	[Eo]
chr17	58193436	58194283	847	4.982352941176471	25	[Eo]
chr17	58194939	58195120	181	1.0647058823529412	9	[Eo]
chr17	76777477	76777530	53	0.31176470588235294	4	[Mn]
chr17	77478444	77478660	216	1.2705882352941176	13	[Mn]
chr17	78793503	78793723	220	1.2941176470588236	7	[NK]
chr17	81646869	81647013	144	0.8470588235294118	5	[Er]
chr17	82112314	82112843	529	3.111764705882353	14	[Eo]
chr17	82120430	82120503	73	0.4294117647058823	7	[CD4]
chr17	82441831	82441915	84	0.49411764705882355	6	[mB]
chr18	12410759	12411143	384	2.2588235294117647	8	[Eo]
chr18	13382885	13384080	1195	7.029411764705882	23	[Tr]
chr18	13480584	13480995	411	2.4176470588235293	6	[DC]
chr18	23296883	23297050	167	0.9823529411764705	5	[nB]
chr18	26429317	26429495	178	1.0470588235294118	7	[mB]
chr18	26751854	26752428	574	3.376470588235294	10	[mB]
chr18	56159919	56160096	177	1.0411764705882354	5	[mNeu]
chr18	79217980	79218129	149	0.8764705882352941	6	[Mg]
chr19	1074092	1074166	74	0.43529411764705883	7	[CD8]
chr19	1151066	1151243	177	1.0411764705882354	4	[DC]
chr19	1632919	1633424	505	2.9705882352941178	15	[Er]
chr19	1656099	1656324	225	1.3235294117647058	13	[Er]
chr19	1836708	1836938	230	1.3529411764705883	9	[Er]
chr19	2185951	2186271	320	1.8823529411764706	11	[Mg]
chr19	4715690	4716192	502	2.9529411764705884	19	[DC]
chr19	4991569	4991787	218	1.2823529411764707	6	[mNeu]
chr19	5139841	5139864	23	0.13529411764705881	4	[CD8]
chr19	6864919	6865267	348	2.0470588235294116	12	[Mg]
chr19	7648321	7648848	527	3.1	10	[Mg]
chr19	9857310	9857442	132	0.7764705882352941	9	[CD4]
chr19	10197330	10197634	304	1.7882352941176471	13	[mB]
chr19	14688475	14688551	76	0.4470588235294118	7	[Eo]
chr19	16208569	16208721	152	0.8941176470588236	7	[CD8]
chr19	16209875	16210060	185	1.088235294117647	4	[CD8]
chr19	16302020	16303276	1256	7.3882352941176475	47	[mB]
chr19	16838399	16838562	163	0.9588235294117647	7	[Mg]
chr19	17760144	17760869	725	4.264705882352941	17	[mB]
chr19	17943056	17943305	249	1.464705882352941	8	[Er]
chr19	18395319	18395601	282	1.6588235294117648	7	[Mn]
chr19	19285816	19285998	182	1.0705882352941176	6	[Er]
chr19	40162893	40162924	31	0.18235294117647058	4	[NK]
chr19	45119679	45119938	259	1.5235294117647058	5	[CD8]
chr19	45172951	45173061	110	0.6470588235294118	5	[Er]
chr19	47497418	47497718	300	1.7647058823529411	6	[Er]
chr19	47668252	47668557	305	1.7941176470588236	9	[Eo]
chr19	48175869	48175972	103	0.6058823529411764	7	[mNeu]
chr19	49673608	49673801	193	1.1352941176470588	4	[mB]
chr19	55111630	55111689	59	0.34705882352941175	6	[Mg]
chr19	55121259	55121453	194	1.1411764705882352	7	[mB]
chr19	55228724	55229138	414	2.4352941176470586	9	[Er]
chr19	56108069	56108207	138	0.8117647058823529	6	[nB]
chr2	426239	426313	74	0.43529411764705883	7	[NK]
chr2	3419516	3419623	107	0.6294117647058823	6	[nB]
chr2	8260294	8260458	164	0.9647058823529412	8	[NK]
chr2	8572918	8573030	112	0.6588235294117647	6	[nB]
chr2	9416014	9416206	192	1.1294117647058823	5	[DC]
chr2	15162551	15162685	134	0.788235294117647	5	[CD4]
chr2	25871401	25871741	340	2.0	7	[Eo]
chr2	30924891	30925042	151	0.888235294117647	4	[mNeu]
chr2	32500363	32500926	563	3.3117647058823527	15	[Eo]
chr2	33206511	33206718	207	1.2176470588235293	6	[mB]
chr2	42756409	42756551	142	0.8352941176470589	5	[nB]
chr2	43311090	43311172	82	0.4823529411764706	7	[mNeu]
chr2	47032362	47032587	225	1.3235294117647058	5	[Mn]
chr2	47885207	47885391	184	1.0823529411764705	6	[NK]
chr2	60310184	60310552	368	2.164705882352941	4	[DC]
chr2	60862299	60862399	100	0.5882352941176471	4	[DC]
chr2	70260570	70260869	299	1.7588235294117647	7	[mNeu]
chr2	70717313	70717683	370	2.176470588235294	8	[Er]
chr2	84907808	84907879	71	0.4176470588235294	6	[CD4]
chr2	86821257	86822009	752	4.423529411764706	24	[m8]
chr2	96556903	96557141	238	1.4	6	[DC]
chr2	105075070	105075301	231	1.3588235294117648	6	[NK]
chr2	109482427	109482725	298	1.7529411764705882	10	[Mg]
chr2	128289518	128289731	213	1.2529411764705882	9	[nB]
chr2	130375003	130375153	150	0.8823529411764706	6	[DC]
chr2	135732528	135732878	350	2.0588235294117645	7	[CD8]
chr2	164947320	164947424	104	0.611764705882353	6	[NK]
chr2	173899018	173899485	467	2.7470588235294118	10	[m4]
chr2	197839405	197839610	205	1.2058823529411764	5	[CD4]
chr2	203835818	203836888	1070	6.294117647058823	23	[Tr]
chr2	203853750	203854356	606	3.5647058823529414	10	[Tr]
chr2	203870593	203870912	319	1.8764705882352941	10	[Tr]
chr2	208354966	208355515	549	3.2294117647058824	6	[mNeu]
chr2	213135457	213136328	871	5.123529411764705	21	[Tr]
chr2	218282746	218282922	176	1.035294117647059	5	[DC]
chr2	238421467	238421597	130	0.7647058823529411	8	[Er]
chr2	238422261	238422521	260	1.5294117647058822	6	[Er]
chr20	3802981	3803144	163	0.9588235294117647	5	[nB]
chr20	3824960	3825269	309	1.8176470588235294	5	[Er]
chr20	5997245	5997369	124	0.7294117647058823	5	[NK]
chr20	23098194	23098245	51	0.3	4	[DC]
chr20	23137173	23137289	116	0.6823529411764706	5	[Mn]
chr20	32060955	32061285	330	1.9411764705882353	11	[Mn]
chr20	35514483	35514921	438	2.5764705882352943	8	[Er]
chr20	38779373	38779774	401	2.3588235294117648	13	[m4]
chr20	50279083	50279216	133	0.7823529411764706	5	[Mn]
chr20	53581372	53581880	508	2.988235294117647	34	[m8]
chr20	56492658	56493005	347	2.041176470588235	7	[mNeu]
chr21	17812531	17812592	61	0.3588235294117647	6	[Eo]
chr21	31178339	31178566	227	1.3352941176470587	12	[Tr]
chr21	37238901	37239073	172	1.011764705882353	9	[NK]
chr21	38212930	38212985	55	0.3235294117647059	4	[mNeu]
chr21	42261589	42261730	141	0.8294117647058824	11	[mNeu]
chr21	43690247	43690435	188	1.1058823529411765	6	[DC]
chr21	43691129	43691523	394	2.3176470588235296	14	[DC]
chr21	44853721	44853932	211	1.2411764705882353	11	[Er]
chr21	46406122	46406208	86	0.5058823529411764	7	[NK]
chr21	46455763	46456044	281	1.6529411764705881	5	[Er]
chr21	46561542	46562063	521	3.0647058823529414	17	[CD8]
chr21	46566104	46566424	320	1.8823529411764706	8	[Mg]
chr22	19884272	19884493	221	1.3	9	[CD4]
chr22	20025160	20025476	316	1.8588235294117648	10	[Er]
chr22	21681110	21681495	385	2.264705882352941	16	[NK]
chr22	21689674	21690109	435	2.5588235294117645	12	[NK]
chr22	24432969	24433115	146	0.8588235294117647	4	[nB]
chr22	31463688	31464186	498	2.929411764705882	7	[Mg]
chr22	46651320	46651595	275	1.6176470588235294	13	[nB]
chr22	50335636	50336024	388	2.2823529411764705	12	[mB]
chr3	3108545	3108741	196	1.1529411764705881	9	[Eo]
chr3	12953225	12953876	651	3.8294117647058825	25	[Er]
chr3	14409334	14409565	231	1.3588235294117648	10	[DC]
chr3	15313175	15313350	175	1.0294117647058822	4	[mNeu]
chr3	15731383	15731986	603	3.5470588235294116	11	[NK]
chr3	25746852	25747025	173	1.0176470588235293	7	[mNeu]
chr3	58102150	58102419	269	1.5823529411764705	8	[CD8]
chr3	58104014	58104540	526	3.0941176470588236	11	[CD8]
chr3	125002174	125002672	498	2.929411764705882	8	[CD4]
chr3	126926895	126926929	34	0.2	4	[DC]
chr3	127748241	127748305	64	0.3764705882352941	5	[nB]
chr3	129679334	129679596	262	1.5411764705882354	8	[mB]
chr3	141475313	141475613	300	1.7647058823529411	5	[mNeu]
chr3	143280772	143281177	405	2.3823529411764706	5	[NK]
chr3	150568502	150568650	148	0.8705882352941177	4	[mNeu]
chr3	172525483	172525562	79	0.4647058823529412	8	[Eo]
chr3	172655561	172655737	176	1.035294117647059	5	[NK]
chr3	177592747	177593147	400	2.3529411764705883	6	[DC]
chr3	182957397	182957577	180	1.0588235294117647	5	[Er]
chr3	197524360	197524543	183	1.076470588235294	4	[mNeu]
chr3	197533466	197533656	190	1.1176470588235294	10	[mNeu]
chr4	1591867	1592415	548	3.223529411764706	19	[Mg]
chr4	2944202	2944532	330	1.9411764705882353	12	[m8]
chr4	56425866	56426584	718	4.223529411764706	12	[mB]
chr4	70754989	70755187	198	1.1647058823529413	9	[mB]
chr4	147842650	147842813	163	0.9588235294117647	5	[DC]
chr4	168731107	168731496	389	2.288235294117647	4	[DC]
chr4	184740606	184740746	140	0.8235294117647058	6	[mNeu]
chr5	1339966	1340071	105	0.6176470588235294	6	[Eo]
chr5	6772991	6773105	114	0.6705882352941176	5	[DC]
chr5	54774872	54775139	267	1.5705882352941176	7	[Mn]
chr5	71499312	71499607	295	1.7352941176470589	6	[mNeu]
chr5	126971309	126971436	127	0.7470588235294118	7	[nB]
chr5	134492920	134493147	227	1.3352941176470587	4	[mNeu]
chr5	149682395	149682463	68	0.4	4	[Mn]
chr5	151558809	151558938	129	0.7588235294117647	4	[Mn]
chr5	158881144	158881572	428	2.5176470588235293	8	[mB]
chr5	160479761	160480839	1078	6.341176470588235	13	[Tr]
chr5	163502586	163502750	164	0.9647058823529412	6	[Eo]
chr5	172805856	172805966	110	0.6470588235294118	7	[Mn]
chr5	177159319	177159889	570	3.3529411764705883	20	[mB]
chr6	3418805	3418885	80	0.47058823529411764	6	[Er]
chr6	5762586	5763008	422	2.4823529411764707	13	[nB]
chr6	6850897	6851515	618	3.635294117647059	7	[DC]
chr6	14820193	14820365	172	1.011764705882353	8	[NK]
chr6	33630045	33630328	283	1.6647058823529413	7	[CD4]
chr6	33695520	33695675	155	0.9117647058823529	8	[nB]
chr6	37109837	37110440	603	3.5470588235294116	11	[Er]
chr6	37826491	37826583	92	0.5411764705882353	4	[NK]
chr6	38937890	38938123	233	1.3705882352941177	11	[Tr]
chr6	43222331	43223543	1212	7.129411764705883	33	[Tr]
chr6	49782779	49783008	229	1.3470588235294119	5	[Er]
chr6	158028570	158028919	349	2.052941176470588	10	[mNeu]
chr6	166840352	166840395	43	0.2529411764705882	4	[nB]
chr7	614312	614521	209	1.2294117647058824	5	[CD8]
chr7	2723231	2723655	424	2.4941176470588236	17	[nB]
chr7	5362528	5362892	364	2.1411764705882352	19	[nB]
chr7	17473315	17473452	137	0.8058823529411765	5	[mB]
chr7	21900988	21901132	144	0.8470588235294118	7	[Eo]
chr7	30798413	30798790	377	2.2176470588235295	13	[mB]
chr7	75732298	75732496	198	1.1647058823529413	8	[NK]
chr7	99372877	99373566	689	4.052941176470588	15	[CD8]
chr7	101993400	101993674	274	1.611764705882353	5	[nB]
chr7	114921455	114921983	528	3.1058823529411765	13	[m8]
chr7	129621813	129621932	119	0.7	7	[Eo]
chr7	130148054	130148125	71	0.4176470588235294	6	[nB]
chr7	133696083	133696223	140	0.8235294117647058	4	[NK]
chr7	140655953	140656170	217	1.276470588235294	6	[DC]
chr7	143391491	143392291	800	4.705882352941177	16	[Mg]
chr7	148843195	148843247	52	0.3058823529411765	4	[NK]
chr7	155198302	155198364	62	0.36470588235294116	5	[DC]
chr7	155693949	155694087	138	0.8117647058823529	5	[mNeu]
chr8	11866307	11867001	694	4.08235294117647	23	[m4]
chr8	23221861	23222002	141	0.8294117647058824	9	[CD4]
chr8	29079227	29079362	135	0.7941176470588235	9	[nB]
chr8	38145230	38145688	458	2.6941176470588237	10	[Eo]
chr8	42484794	42484958	164	0.9647058823529412	5	[Er]
chr8	47936373	47936516	143	0.8411764705882353	7	[Eo]
chr8	51939131	51939609	478	2.8117647058823527	4	[NK]
chr8	60690783	60690994	211	1.2411764705882353	7	[mB]
chr8	66026537	66026883	346	2.0352941176470587	8	[CD4]
chr8	127647743	127647859	116	0.6823529411764706	5	[CD8]
chr8	129921466	129921519	53	0.31176470588235294	4	[NK]
chr8	130490954	130491866	912	5.364705882352941	15	[DC]
chr9	4465258	4465544	286	1.6823529411764706	13	[mB]
chr9	27029469	27029546	77	0.45294117647058824	6	[Mn]
chr9	89308458	89308788	330	1.9411764705882353	6	[Eo]
chr9	92601344	92601470	126	0.7411764705882353	5	[mNeu]
chr9	107338195	107338563	368	2.164705882352941	10	[DC]
chr9	111884973	111885058	85	0.5	4	[mNeu]
chr9	121972396	121972979	583	3.429411764705882	10	[mB]
chr9	123116723	123117066	343	2.0176470588235293	7	[Eo]
chr9	128149248	128149514	266	1.5647058823529412	6	[mNeu]
chr9	128886427	128886625	198	1.1647058823529413	8	[Eo]
chr9	128910812	128910972	160	0.9411764705882353	8	[CD8]
chr9	131239662	131239869	207	1.2176470588235293	7	[nB]
chr9	136511819	136512316	497	2.9235294117647057	29	[Mg]
chr9	136572422	136573344	922	5.423529411764706	32	[NK]
chr9	137452969	137453137	168	0.9882352941176471	9	[Mn]
chrX	348827	348929	102	0.6	6	[Mg]
chrX	2640881	2641096	215	1.2647058823529411	9	[Eo]
chrX	2716590	2716664	74	0.43529411764705883	4	[nB]
chrX	49260732	49260881	149	0.8764705882352941	12	[Tr]
chrX	49261182	49262152	970	5.705882352941177	16	[Tr]
chrX	49263467	49264778	1311	7.711764705882353	22	[Tr]
chrX	68305240	68305312	72	0.4235294117647059	4	[NK]
chrX	153474369	153474505	136	0.8	7	[NK]
