chrom	start	end	Tregs-Bcell	Tregs-Myloid	Tregs-NK	Tregs-NaiveCD4	Tregs-NaiveCD8	Tregs-PMNlike	Tregs-cm4	Tregs-cm8	Tregs-ed8	Tregs-em4	Tregs-em8	maxdelta	mindelta	Avgdelta
chr1	687193	687195	0.06607142857142856	-0.3057857142857143	-0.03616666666666657	-0.15383333333333327	-0.23749999999999996	-0.2044999999999999	0.07400000000000008	0.031500000000000083	0.4195000000000001	0.10450000000000004	0.24550000000000005	0.4195000000000001	-0.3057857142857143	0.00029870129870135376
chr1	687328	687330	-0.059124999999999976	-0.29714285714285704	-0.2560000000000001	-0.34700000000000003	-0.32333333333333336	-0.25322222222222224	-0.204	0.028000000000000025	-0.2879999999999999	-0.113	-0.08650000000000002	0.028000000000000025	-0.34700000000000003	-0.19993849206349204
chr1	922981	922983	0.057875000000000225	-0.03093749999999995	-0.020499999999999963	-0.023833333333333262	-0.011166666666666436	-0.02238888888888879	-0.011999999999999787	-0.012499999999999956	-0.010000000000000007	0.02350000000000008	-0.012000000000000009	0.057875000000000225	-0.03093749999999995	-0.006722853535353442
chr1	922991	922993	-0.03325000000000011	-0.04431250000000009	-0.03266666666666662	-0.05600000000000005	-0.04500000000000004	-0.04366666666666663	-0.023499999999999962	-0.030500000000000083	-0.026000000000000027	-0.020000000000000132	-0.0015000000000001679	-0.0015000000000001679	-0.05600000000000005	-0.03239962121212126
chr1	923025	923027	0.2064285714285714	0.02662500000000001	-0.06966666666666654	-0.125	-0.10099999999999998	0.011444444444444368	0.023499999999999962	-0.01650000000000007	-0.006500000000000061	0.05599999999999994	-0.015000000000000013	0.2064285714285714	-0.125	-0.0008789682539682708
chr1	923048	923050	0.09399999999999996	0.029375000000000036	0.031166666666666683	0.032166666666666684	0.027166666666666672	0.040277777777777635	-0.0060000000000000045	-0.02100000000000002	-0.015999999999999903	-0.0060000000000000045	0.0010000000000000009	0.09399999999999996	-0.02100000000000002	0.018741161616161614
chr1	923053	923055	0.19437499999999985	0.056687500000000224	-0.0139999999999999	-0.015666666666666718	0.05033333333333345	0.09711111111111104	0.010500000000000065	0.024000000000000018	-0.05149999999999999	0.01550000000000007	0.008500000000000063	0.19437499999999985	-0.05149999999999999	0.03416729797979801
chr1	923070	923072	0.1080000000000001	0.100375	-0.012499999999999956	0.04416666666666669	-0.06383333333333341	0.11283333333333324	0.008499999999999952	-0.09150000000000004	-0.131	-0.011500000000000066	-0.05800000000000005	0.11283333333333324	-0.131	0.0005037878787878587
chr1	923081	923083	0.16737499999999994	0.11187500000000006	0.028000000000000025	0.07533333333333336	0.07033333333333325	0.13788888888888884	0.0774999999999999	0.04249999999999998	0.007999999999999896	0.03599999999999992	0.032499999999999966	0.16737499999999994	0.007999999999999896	0.07157323232323229
