chrom	start	Mono-others	Bcell-others	CD4-others	CD8-others	NK-others
chr4	39632731	0.9	-1.0	0.9	0.9	0.9
chr21	33296290	0.9	-0.9894999999999998	0.9	0.9	0.9
chr4	153581955	0.9	-0.9871666666666666	0.9	0.9	0.9
chr7	24932993	0.9	-0.9870833333333334	0.9	0.9	0.9
chr1	15572130	0.9	-0.988	0.9	0.9	0.9
chr3	13022019	0.9	-0.9849166666666668	0.9	0.9	0.9
chr4	101807289	0.9	-0.9885833333333334	0.9	0.9	0.9
chr4	39632725	0.9	-0.9930833333333332	0.9	0.9	0.9
chr10	63260649	0.9	-0.98525	0.9	0.9	0.9
chr6	157560916	0.9	-0.9849166666666668	0.9	0.9	0.9
chr16	11966064	0.9	-0.9808333333333334	0.9	0.9	0.9
chr1	174276335	0.9	-0.9859166666666666	0.9	0.9	0.9
chr3	13021635	0.9	-0.9848333333333332	0.9	0.9	0.9
chr6	106649200	0.9	-0.9815833333333334	0.9	0.9	0.9
chr1	15571819	0.9	-0.985	0.9	0.9	0.9
chr2	25564001	0.9	-0.98325	0.9	0.9	0.9
chr2	27042310	0.9	-0.98225	0.9	0.9	0.9
chr9	131725510	0.9	-0.9864166666666668	0.9	0.9	0.9
chr12	131766536	0.9	-0.9785833333333334	0.9	0.9	0.9
chr22	33568705	0.9	-0.9843333333333334	0.9	0.9	0.9
chr16	87701775	0.9	-0.98075	0.9	0.9	0.9
chr1	15572075	0.9	-0.9781666666666666	0.9	0.9	0.9
chr6	157560921	0.9	-0.9816666666666668	0.9	0.9	0.9
chr8	11545504	0.9	-0.9775	0.9	0.9	0.9
chr18	36060561	0.9	-0.9798333333333332	0.9	0.9	0.9
chr17	48374086	0.9	-0.9795833333333333	0.9	0.9	0.9
chr1	15572098	0.9	-0.9825833333333333	0.9	0.9	0.9
chr10	70491165	0.9	-0.9808333333333332	0.9	0.9	0.9
chr14	73388160	0.9	-0.9763333333333336	0.9	0.9	0.9
chr22	25643588	0.9	-0.98	0.9	0.9	0.9
chr17	45112023	0.9	-0.9745	0.9	0.9	0.9
chr12	131766435	0.9	-0.9766666666666668	0.9	0.9	0.9
chr12	131766659	0.9	-0.977	0.9	0.9	0.9
chr19	38049767	0.9	-0.976	0.9	0.9	0.9
chr19	17753035	0.9	-0.9768333333333334	0.9	0.9	0.9
chr11	19979575	0.9	-0.9762499999999998	0.9	0.9	0.9
chr1	44695002	0.9	-0.9755833333333332	0.9	0.9	0.9
chr9	37141180	0.9	-0.978	0.9	0.9	0.9
chr2	33530902	0.9	-0.9801666666666669	0.9	0.9	0.9
chr7	18567184	0.9	-0.9750833333333334	0.9	0.9	0.9
chr22	23752916	0.9	-0.9765	0.9	0.9	0.9
chr1	1833666	0.9	-0.9733333333333332	0.9	0.9	0.9
chr1	110385307	0.9	-0.9766666666666668	0.9	0.9	0.9
chr22	46768440	0.9	-0.9744166666666666	0.9	0.9	0.9
chr11	65407814	0.9	-0.9735	0.9	0.9	0.9
chr2	226843496	0.9	-0.9739166666666668	0.9	0.9	0.9
chr3	18214023	0.9	-0.9775833333333336	0.9	0.9	0.9
chr1	226370802	0.9	-0.9726666666666666	0.9	0.9	0.9
chr2	11755784	0.9	-0.977	0.9	0.9	0.9
chr13	33866083	0.9	-0.9753333333333334	0.9	0.9	0.9
chr5	131648202	0.9	-0.9728333333333334	0.9	0.9	0.9
chr7	47929045	0.9	-0.9736666666666668	0.9	0.9	0.9
chr3	13022026	0.9	-0.9715	0.9	0.9	0.9
chr9	131725518	0.9	-0.97525	0.9	0.9	0.9
chr14	103691667	0.9	-0.9735833333333332	0.9	0.9	0.9
chr22	23208052	0.9	-0.9708333333333334	0.9	0.9	0.9
chr17	76482268	0.9	-0.9730833333333332	0.9	0.9	0.9
chr1	110384952	0.9	-0.97675	0.9	0.9	0.9
chr9	133968593	0.9	-0.9719166666666668	0.9	0.9	0.9
chr7	18567190	0.9	-0.9698333333333332	0.9	0.9	0.9
chr8	9720462	0.9	-0.9730833333333332	0.9	0.9	0.9
chr2	208318906	0.9	-0.9719166666666668	0.9	0.9	0.9
chr12	50111030	0.9	-0.9796666666666668	0.9	0.9	0.9
chr1	110385077	0.9	-0.9758333333333332	0.9	0.9	0.9
chr3	13021643	0.9	-0.9745	0.9	0.9	0.9
chr16	46809203	0.9	-0.9698333333333332	0.9	0.9	0.9
chr3	13021084	0.9	-0.9715833333333332	0.9	0.9	0.9
chr18	79460952	0.9	-0.97225	0.9	0.9	0.9
chr3	197734234	0.9	-0.9755	0.9	0.9	0.9
chr1	110385103	0.9	-0.9710833333333334	0.9	0.9	0.9
chr3	187021912	0.9	-0.9784166666666668	0.9	0.9	0.9
chr12	132056573	0.9	-0.96925	0.9	0.9	0.9
chr3	58339373	0.9	-0.9741666666666666	0.9	0.9	0.9
chr19	18108164	0.9	-0.9743333333333334	0.9	0.9	0.9
chr16	87701745	0.9	-0.9695	0.9	0.9	0.9
chr21	33296331	0.9	-0.9735	0.9	0.9	0.9
chr4	2696557	0.9	-0.9735833333333334	0.9	0.9	0.9
chr17	82871149	0.9	-0.9696666666666666	0.9	0.9	0.9
chr7	144825673	0.9	-0.9679166666666666	0.9	0.9	0.9
chr10	12075264	0.9	-0.9741666666666666	0.9	0.9	0.9
chr14	70664676	0.9	-0.9689166666666666	0.9	0.9	0.9
chr18	21685582	0.9	-0.9694166666666668	0.9	0.9	0.9
chr3	121793555	0.9	-0.96825	0.9	0.9	0.9
chr21	33296323	0.9	-0.9754166666666668	0.9	0.9	0.9
chr17	78153415	0.9	-0.9708333333333332	0.9	0.9	0.9
chr3	16431336	0.9	-0.9696666666666668	0.9	0.9	0.9
chr15	50444624	0.9	-0.9774166666666668	0.9	0.9	0.9
chr4	2696413	0.9	-0.9735833333333332	0.9	0.9	0.9
chr6	166850024	0.9	-0.97375	0.9	0.9	0.9
chr11	75824893	0.9	-0.9768333333333332	0.9	0.9	0.9
chr6	5140175	0.9	-0.9705833333333336	0.9	0.9	0.9
chr6	5140181	0.9	-0.9753333333333334	0.9	0.9	0.9
chr1	62810037	0.9	-0.9715	0.9	0.9	0.9
chr16	50194602	0.9	-0.9723333333333332	0.9	0.9	0.9
chr4	109567055	0.9	-0.9720833333333334	0.9	0.9	0.9
chr7	18521424	0.9	-0.9759166666666668	0.9	0.9	0.9
chr4	184396283	0.9	-0.96775	0.9	0.9	0.9
chr19	11438097	0.9	-0.9674166666666668	0.9	0.9	0.9
chr3	16433907	0.9	-0.9679166666666666	0.9	0.9	0.9
chr8	22530158	0.9	-0.9726666666666666	0.9	0.9	0.9
chr4	2696564	0.9	-0.96875	0.9	0.9	0.9
chr11	75824914	0.9	-0.968	0.9	0.9	0.9
chr11	3928215	0.9	-0.9741666666666666	0.9	0.9	0.9
chr6	157560933	0.9	-0.9669166666666666	0.9	0.9	0.9
chr8	80100086	0.9	-0.9768333333333334	0.9	0.9	0.9
chr2	68787701	0.9	-0.971	0.9	0.9	0.9
chr19	16443663	0.9	-0.9669166666666666	0.9	0.9	0.9
chr22	46769354	0.9	-0.9654166666666666	0.9	0.9	0.9
chr1	1833651	0.9	-0.9719166666666668	0.9	0.9	0.9
chr11	44610413	0.9	-0.972	0.9	0.9	0.9
chr1	110385072	0.9	-0.9675833333333334	0.9	0.9	0.9
chr4	184396159	0.9	-0.97375	0.9	0.9	0.9
chr7	77906823	0.9	-0.96575	0.9	0.9	0.9
chr2	197145150	0.9	-0.9685	0.9	0.9	0.9
chr9	109966876	0.9	-0.9664166666666668	0.9	0.9	0.9
chr7	16759044	0.9	-0.96925	0.9	0.9	0.9
chr1	110385287	0.9	-0.9693333333333334	0.9	0.9	0.9
chr20	18728997	0.9	-0.9661666666666668	0.9	0.9	0.9
chr1	222733299	0.9	-0.9674166666666666	0.9	0.9	0.9
chr13	99636921	0.9	-0.9666666666666668	0.9	0.9	0.9
chr3	20164639	0.9	-0.9680833333333332	0.9	0.9	0.9
chr15	40553877	0.9	-0.9740833333333332	0.9	0.9	0.9
chr20	16392591	0.9	-0.966	0.9	0.9	0.9
chr13	99374717	0.9	-0.9678333333333332	0.9	0.9	0.9
chr11	61353976	0.9	-0.9655833333333332	0.9	0.9	0.9
chr20	41051080	0.9	-0.9675	0.9	0.9	0.9
chr18	44758506	0.9	-0.96675	0.9	0.9	0.9
chr3	71045699	0.9	-0.9666666666666666	0.9	0.9	0.9
chr1	110384789	0.9	-0.96825	0.9	0.9	0.9
chr19	50417587	0.9	-0.97	0.9	0.9	0.9
chr10	124539607	0.9	-0.96925	0.9	0.9	0.9
chr8	141118429	0.9	-0.9636666666666668	0.9	0.9	0.9
chr16	46809277	0.9	-0.96425	0.9	0.9	0.9
chr3	114005483	0.9	-0.9664166666666668	0.9	0.9	0.9
chr8	94979198	0.9	-0.9699166666666664	0.9	0.9	0.9
chr10	79098652	0.9	-0.9668333333333334	0.9	0.9	0.9
chr15	50444791	0.9	-0.97675	0.9	0.9	0.9
chr8	29054108	0.9	-0.9746666666666666	0.9	0.9	0.9
chr4	2696555	0.9	-0.9648333333333334	0.9	0.9	0.9
chr14	60815503	0.9	-0.9639166666666664	0.9	0.9	0.9
chr16	71693425	0.9	-0.9651666666666668	0.9	0.9	0.9
chr20	50816906	0.9	-0.9636666666666668	0.9	0.9	0.9
chr9	109966827	0.9	-0.9651666666666668	0.9	0.9	0.9
chr20	15986217	0.9	-0.9695833333333334	0.9	0.9	0.9
chr6	37005102	0.9	-0.9655	0.9	0.9	0.9
chr4	2696419	0.9	-0.9730833333333334	0.9	0.9	0.9
chr15	90595516	0.9	-0.9741666666666668	0.9	0.9	0.9
chr15	59411694	0.9	-0.97325	0.9	0.9	0.9
chr4	83437467	0.9	-0.97275	0.9	0.9	0.9
chr4	185392870	0.9	-0.963	0.9	0.9	0.9
chr10	119369458	0.9	-0.96525	0.9	0.9	0.9
chr11	83062774	0.9	-0.9691666666666666	0.9	0.9	0.9
chr14	103691714	0.9	-0.9676666666666668	0.9	0.9	0.9
chr11	83062779	0.9	-0.9709166666666668	0.9	0.9	0.9
chr14	103692215	0.9	-0.9633333333333332	0.9	0.9	0.9
chr10	119369474	0.9	-0.9631666666666666	0.9	0.9	0.9
chr1	107777363	0.9	-0.9665	0.9	0.9	0.9
chr17	82871565	0.9	-0.9666666666666668	0.9	0.9	0.9
chr19	38049769	0.9	-0.9706666666666668	0.9	0.9	0.9
chr3	13021664	0.9	-0.9625	0.9	0.9	0.9
chr3	16433897	0.9	-0.9678333333333332	0.9	0.9	0.9
chr8	22530034	0.9	-0.9624166666666668	0.9	0.9	0.9
chr19	1648414	0.9	-0.9675	0.9	0.9	0.9
chr12	57715589	0.9	-0.9676666666666668	0.9	0.9	0.9
chr12	131766678	0.9	-0.9686666666666668	0.9	0.9	0.9
chr2	11755823	0.9	-0.9703333333333332	0.9	0.9	0.9
chr3	18213984	0.9	-0.9798333333333332	0.9	0.9	0.9
chr10	124601381	0.9	-0.9695	0.9	0.9	0.9
chr4	39631606	0.9	-0.9645416666666664	0.9	0.9	0.9
chr22	42860509	0.9	-0.9636666666666668	0.9	0.9	0.9
chr6	110811441	0.9	-0.96375	0.9	0.9	0.9
chr4	86979715	0.9	-0.9679166666666668	0.9	0.9	0.9
chr4	2696532	0.9	-0.962	0.9	0.9	0.9
chr15	90595484	0.9	-0.9620833333333332	0.9	0.9	0.9
chr8	38279297	0.9	-0.9715833333333334	0.9	0.9	0.9
chr19	46893006	0.9	-0.9655	0.9	0.9	0.9
chr22	25643579	0.9	-0.9629166666666668	0.9	0.9	0.9
chr19	17527878	0.9	-0.9636666666666668	0.9	0.9	0.9
chr11	111416501	0.9	-0.9651666666666666	0.9	0.9	0.9
chr4	477648	0.9	-0.9701666666666668	0.9	0.9	0.9
chr15	43789670	0.9	-0.9765	0.9	0.9	0.9
chr7	74101371	0.9	-0.96275	0.9	0.9	0.9
chr19	16443657	0.9	-0.9708333333333332	0.9	0.9	0.9
chr3	114005737	0.9	-0.964	0.9	0.9	0.9
chr11	68371625	0.9	-0.9625	0.9	0.9	0.9
chr18	361593	0.9	-0.9648333333333332	0.9	0.9	0.9
chr1	160488943	0.9	-0.9656666666666668	0.9	0.9	0.9
chr7	77906723	0.9	-0.9669166666666666	0.9	0.9	0.9
chr17	82969282	0.9	-0.9664166666666668	0.9	0.9	0.9
chr9	104923957	0.9	-0.9610833333333336	0.9	0.9	0.9
chr4	184396279	0.9	-0.9703333333333334	0.9	0.9	0.9
chr17	82969219	0.9	-0.9600833333333332	0.9	0.9	0.9
chr11	35271698	0.9	-0.9602499999999998	0.9	0.9	0.9
chr20	16392619	0.9	-0.9640000000000001	0.9	0.9	0.9
chr20	50816718	0.9	-0.9615833333333332	0.9	0.9	0.9
chr14	95713441	0.9	-0.9624166666666668	0.9	0.9	0.9
chr17	51053598	0.9	-0.9633333333333334	0.9	0.9	0.9
chr9	137744975	0.9	-0.96175	0.9	0.9	0.9
chr11	65130814	0.9	-0.9635	0.9	0.9	0.9
chr19	2324511	0.9	-0.9643333333333334	0.9	0.9	0.9
chr4	2696484	0.9	-0.95925	0.9	0.9	0.9
chr17	76423964	0.9	-0.9627916666666668	0.9	0.9	0.9
chr22	46769443	0.9	-0.9734166666666668	0.9	0.9	0.9
chr6	154815338	0.9	-0.9615833333333332	0.9	0.9	0.9
chr19	1648420	0.9	-0.9788333333333334	0.9	0.9	0.9
chr19	1648945	0.9	-0.96525	0.9	0.9	0.9
chr3	114005711	0.9	-0.9649166666666666	0.9	0.9	0.9
chr12	6791005	0.9	0.9	-0.9564166666666668	0.9	0.9
chr12	6791008	0.9	0.9	-0.9525	0.9	0.9
chr12	6790525	0.9	0.9	-0.9321666666666668	0.9	0.9
chrX	136657526	0.9	0.9	-0.9239166666666664	0.9	0.9
chr18	69612609	0.9	0.9	-0.9220833333333333	0.9	0.9
chr2	111875381	0.9	0.9	-0.9424583333333332	0.9	0.9
chr12	6790271	0.9	0.9	-0.93275	0.9	0.9
chr12	6791302	0.9	0.9	-0.9090833333333332	0.9	0.9
chr8	11865664	0.9	0.9	-0.9001666666666668	0.9	0.9
chrX	136650997	0.9	0.9	-0.92325	0.9	0.9
chrX	136656934	0.9	0.9	-0.907	0.9	0.9
chr12	6790464	0.9	0.9	-0.92075	0.9	0.9
chr12	6790675	0.9	0.9	-0.906	0.9	0.9
chr1	234409259	0.9	0.9	-0.9119166666666668	0.9	0.9
chrX	136648767	0.9	0.9	-0.9145	0.9	0.9
chr12	6790720	0.9	0.9	-0.8915833333333333	0.9	0.9
chrX	136652428	0.9	0.9	-0.9069166666666668	0.9	0.9
chr1	155009328	0.9	0.9	-0.8928333333333334	0.9	0.9
chr12	6791264	0.9	0.9	-0.8867499999999999	0.9	0.9
chr9	42122166	0.9	0.9	-0.8915833333333333	0.9	0.9
chr12	6790806	0.9	0.9	-0.8914166666666667	0.9	0.9
chrX	136650954	0.9	0.9	-0.8906666666666666	0.9	0.9
chrX	79364254	0.9	0.9	-0.91275	0.9	0.9
chr1	234408800	0.9	0.9	-0.8944166666666666	0.9	0.9
chrX	136648868	0.9	0.9	-0.8951666666666668	0.9	0.9
chrX	136647813	0.9	0.9	-0.9002916666666667	0.9	0.9
chr12	6790531	0.9	0.9	-0.8940833333333333	0.9	0.9
chr12	6791045	0.9	0.9	-0.8866666666666667	0.9	0.9
chrX	136650800	0.9	0.9	-0.8987500000000002	0.9	0.9
chr12	6791058	0.9	0.9	-0.89325	0.9	0.9
chrX	136652790	0.9	0.9	-0.8775	0.9	0.9
chrX	136657087	0.9	0.9	-0.8671666666666666	0.9	0.9
chrX	136651012	0.9	0.9	-0.8915000000000001	0.9	0.9
chrX	136651637	0.9	0.9	-0.8869166666666666	0.9	0.9
chr1	155009422	0.9	0.9	-0.87725	0.9	0.9
chrX	136647818	0.9	0.9	-0.887625	0.9	0.9
chrX	136656963	0.9	0.9	-0.8825000000000001	0.9	0.9
chrX	136658121	0.9	0.9	-0.8814166666666666	0.9	0.9
chr1	155009320	0.9	0.9	-0.887	0.9	0.9
chrX	136659335	0.9	0.9	-0.8680000000000001	0.9	0.9
chrX	136652284	0.9	0.9	-0.870625	0.9	0.9
chr1	155009536	0.9	0.9	-0.8930000000000001	0.9	0.9
chrX	136657511	0.9	0.9	-0.861875	0.9	0.9
chr1	155009267	0.9	0.9	-0.89125	0.9	0.9
chrX	136657058	0.9	0.9	-0.8550833333333332	0.9	0.9
chrX	136651525	0.9	0.9	-0.8795000000000001	0.9	0.9
chr10	115154134	0.9	0.9	-0.8659583333333334	0.9	0.9
chrX	136659915	0.9	0.9	-0.863	0.9	0.9
chr12	6789987	0.9	0.9	-0.8645	0.9	0.9
chr12	6790216	0.9	0.9	-0.8758333333333334	0.9	0.9
chrX	136650180	0.9	0.9	-0.8527916666666666	0.9	0.9
chrX	136659231	0.9	0.9	-0.84925	0.9	0.9
chr2	111834616	0.9	0.9	-0.8714166666666667	0.9	0.9
chr4	21160046	0.9	0.9	-0.8556250000000001	0.9	0.9
chr12	6790788	0.9	0.9	-0.8584999999999999	0.9	0.9
chrX	136650787	0.9	0.9	-0.8819166666666667	0.9	0.9
chr8	11865672	0.9	0.9	-0.8579583333333334	0.9	0.9
chr1	155009274	0.9	0.9	-0.8746666666666667	0.9	0.9
chr8	11865734	0.9	0.9	-0.85825	0.9	0.9
chrX	136652338	0.9	0.9	-0.8616666666666667	0.9	0.9
chrX	136657125	0.9	0.9	-0.8474166666666667	0.9	0.9
chrX	136656981	0.9	0.9	-0.8438333333333333	0.9	0.9
chrX	136655045	0.9	0.9	-0.8471666666666666	0.9	0.9
chr12	6790564	0.9	0.9	-0.88	0.9	0.9
chrX	136650738	0.9	0.9	-0.8593333333333334	0.9	0.9
chr1	155009618	0.9	0.9	-0.8714166666666666	0.9	0.9
chrX	79364278	0.9	0.9	-0.8853333333333333	0.9	0.9
chrX	136656904	0.9	0.9	-0.8761666666666666	0.9	0.9
chrX	136652232	0.9	0.9	-0.8346666666666666	0.9	0.9
chrX	136659605	0.9	0.9	-0.8474166666666667	0.9	0.9
chrX	136651500	0.9	0.9	-0.8540000000000001	0.9	0.9
chrX	136652013	0.9	0.9	-0.8585833333333335	0.9	0.9
chrX	136651443	0.9	0.9	-0.8598333333333333	0.9	0.9
chr13	41356515	0.9	0.9	-0.8357083333333333	0.9	0.9
chr1	234408783	0.9	0.9	-0.8327499999999999	0.9	0.9
chrX	136651629	0.9	0.9	-0.8720833333333333	0.9	0.9
chr7	138733220	0.9	0.9	-0.84375	0.9	0.9
chrX	136647508	0.9	0.9	-0.85225	0.9	0.9
chr8	11865834	0.9	0.9	-0.8432499999999999	0.9	0.9
chr1	155009624	0.9	0.9	-0.8640833333333332	0.9	0.9
chrX	136652302	0.9	0.9	-0.8525833333333334	0.9	0.9
chrX	136653732	0.9	0.9	-0.8468333333333333	0.9	0.9
chrX	136651387	0.9	0.9	-0.8517499999999999	0.9	0.9
chr1	155009260	0.9	0.9	-0.8560833333333333	0.9	0.9
chrX	136657162	0.9	0.9	-0.8140833333333333	0.9	0.9
chrX	136650456	0.9	0.9	-0.8125833333333334	0.9	0.9
chr12	6790004	0.9	0.9	-0.8135	0.9	0.9
chrX	136648285	0.9	0.9	-0.8351666666666667	0.9	0.9
chrX	136654649	0.9	0.9	-0.8240000000000001	0.9	0.9
chrX	136648253	0.9	0.9	-0.81	0.9	0.9
chr8	11865966	0.9	0.9	-0.8006666666666666	0.9	0.9
chr12	6791605	0.9	0.9	-0.7960833333333334	0.9	0.9
chrX	136650227	0.9	0.9	-0.8095416666666666	0.9	0.9
chrX	136659946	0.9	0.9	-0.8594166666666666	0.9	0.9
chr1	2153389	0.9	0.9	-0.8523333333333333	0.9	0.9
chr1	234408885	0.9	0.9	-0.8173333333333335	0.9	0.9
chr3	129441588	0.9	0.9	-0.8086666666666668	0.9	0.9
chrX	136651255	0.9	0.9	-0.8531666666666666	0.9	0.9
chr3	16596168	0.9	0.9	-0.8535833333333334	0.9	0.9
chr8	11865519	0.9	0.9	-0.8295000000000001	0.9	0.9
chr1	107575019	0.9	0.9	-0.8445833333333332	0.9	0.9
chr6	136140901	0.9	0.9	-0.7998333333333334	0.9	0.9
chr8	11866790	0.9	0.9	-0.8016666666666667	0.9	0.9
chrX	136656122	0.9	0.9	-0.8256666666666665	0.9	0.9
chr1	107575021	0.9	0.9	-0.8338333333333333	0.9	0.9
chr12	6791645	0.9	0.9	-0.79075	0.9	0.9
chr1	234409087	0.9	0.9	-0.7909166666666666	0.9	0.9
chr1	150111787	0.9	0.9	-0.8585833333333333	0.9	0.9
chr8	1792065	0.9	0.9	-0.8034166666666667	0.9	0.9
chr7	70466843	0.9	0.9	-0.7935000000000001	0.9	0.9
chr8	1792079	0.9	0.9	-0.8029166666666666	0.9	0.9
chrX	136658641	0.9	0.9	-0.7951666666666666	0.9	0.9
chrX	136652982	0.9	0.9	-0.8306666666666668	0.9	0.9
chrX	136654814	0.9	0.9	-0.7901666666666668	0.9	0.9
chrX	136652992	0.9	0.9	-0.8321666666666667	0.9	0.9
chrX	136653780	0.9	0.9	-0.8106666666666666	0.9	0.9
chrX	136694212	0.9	0.9	-0.8227083333333334	0.9	0.9
chrX	136651941	0.9	0.9	-0.8176666666666667	0.9	0.9
chr1	234409386	0.9	0.9	-0.7980833333333334	0.9	0.9
chr1	234409340	0.9	0.9	-0.81225	0.9	0.9
chr8	60868550	0.9	0.9	-0.8270833333333332	0.9	0.9
chrX	136648278	0.9	0.9	-0.8170000000000001	0.9	0.9
chr8	118339554	0.9	0.9	-0.8053333333333332	0.9	0.9
chr8	11865470	0.9	0.9	-0.8520833333333332	0.9	0.9
chr22	29605207	0.9	0.9	-0.8148333333333333	0.9	0.9
chr8	78695573	0.9	0.9	-0.7966666666666666	0.9	0.9
chr2	42228342	0.9	0.9	-0.8066249999999999	0.9	0.9
chrX	136654033	0.9	0.9	-0.7908333333333334	0.9	0.9
chrX	136651929	0.9	0.9	-0.8291666666666667	0.9	0.9
chr12	24306178	0.9	0.9	-0.7900833333333334	0.9	0.9
chrX	136653198	0.9	0.9	-0.8428333333333333	0.9	0.9
chrX	136653200	0.9	0.9	-0.83825	0.9	0.9
chr8	60868372	0.9	0.9	-0.7785833333333333	0.9	0.9
chrX	136649548	0.9	0.9	-0.8212083333333333	0.9	0.9
chrX	136654301	0.9	0.9	-0.7942499999999999	0.9	0.9
chr2	174225911	0.9	0.9	-0.791875	0.9	0.9
chrX	136648076	0.9	0.9	-0.8030833333333334	0.9	0.9
chr2	108622803	0.9	0.9	-0.7765833333333335	0.9	0.9
chr2	203710807	0.9	0.9	-0.8541666666666667	0.9	0.9
chr1	150111932	0.9	0.9	-0.8322083333333334	0.9	0.9
chr7	77942702	0.9	0.9	-0.7813750000000002	0.9	0.9
chr7	91091887	0.9	0.9	-0.7826666666666666	0.9	0.9
chr8	11865732	0.9	0.9	-0.7739166666666666	0.9	0.9
chr22	29605227	0.9	0.9	-0.7878333333333333	0.9	0.9
chr15	76819696	0.9	0.9	-0.7932083333333333	0.9	0.9
chr18	62033250	0.9	0.9	-0.8184166666666666	0.9	0.9
chr8	1792044	0.9	0.9	-0.8168333333333334	0.9	0.9
chr8	60868504	0.9	0.9	-0.7724166666666668	0.9	0.9
chrX	38091532	0.9	0.9	-0.8545833333333334	0.9	0.9
chr1	155008964	0.9	0.9	-0.8201666666666666	0.9	0.9
chr2	160474489	0.9	0.9	-0.7765833333333332	0.9	0.9
chr8	11865736	0.9	0.9	-0.7705	0.9	0.9
chrX	79363241	0.9	0.9	-0.8194999999999999	0.9	0.9
chr9	106910316	0.9	0.9	-0.79775	0.9	0.9
chr3	108835957	0.9	0.9	-0.7723333333333333	0.9	0.9
chr8	11866751	0.9	0.9	-0.7780833333333333	0.9	0.9
chr8	11865972	0.9	0.9	-0.7675833333333333	0.9	0.9
chrX	136694114	0.9	0.9	-0.8049166666666667	0.9	0.9
chr12	6791272	0.9	0.9	-0.7657499999999999	0.9	0.9
chrX	97238879	0.9	0.9	-0.7927083333333333	0.9	0.9
chr19	15695268	0.9	0.9	-0.7709999999999999	0.9	0.9
chr12	6791402	0.9	0.9	-0.7630833333333333	0.9	0.9
chr17	57880079	0.9	0.9	-0.79575	0.9	0.9
chr3	108827110	0.9	0.9	-0.8384166666666666	0.9	0.9
chrX	136659222	0.9	0.9	-0.7695000000000001	0.9	0.9
chr4	142567021	0.9	0.9	-0.84175	0.9	0.9
chr3	191248439	0.9	0.9	-0.7767916666666668	0.9	0.9
chr5	14221640	0.9	0.9	-0.7906666666666666	0.9	0.9
chr5	56128082	0.9	0.9	-0.7900833333333334	0.9	0.9
chrX	136659179	0.9	0.9	-0.7628333333333333	0.9	0.9
chr1	155009783	0.9	0.9	-0.7595833333333333	0.9	0.9
chr22	23960019	0.9	0.9	-0.7570416666666666	0.9	0.9
chr2	63533771	0.9	0.9	-0.7722083333333333	0.9	0.9
chrX	136659169	0.9	0.9	-0.7559999999999999	0.9	0.9
chrX	136651963	0.9	0.9	-0.7721666666666668	0.9	0.9
chr18	69956485	0.9	0.9	-0.8325	0.9	0.9
chrX	136651920	0.9	0.9	-0.7636666666666667	0.9	0.9
chr8	11865619	0.9	0.9	-0.78775	0.9	0.9
chr18	69956445	0.9	0.9	-0.8024166666666667	0.9	0.9
chr1	234409078	0.9	0.9	-0.7634166666666666	0.9	0.9
chr12	40887906	0.9	0.9	-0.8050416666666668	0.9	0.9
chr8	11865996	0.9	0.9	-0.7532083333333333	0.9	0.9
chrX	79364640	0.9	0.9	-0.7724166666666666	0.9	0.9
chr8	42154467	0.9	0.9	-0.85275	0.9	0.9
chr1	171933918	0.9	0.9	-0.7624166666666667	0.9	0.9
chr2	160474457	0.9	0.9	-0.7529166666666667	0.9	0.9
chr2	203710767	0.9	0.9	-0.7955833333333334	0.9	0.9
chr8	42154407	0.9	0.9	-0.861125	0.9	0.9
chr4	56301170	0.9	0.9	-0.76	0.9	0.9
chr1	212978471	0.9	0.9	-0.7502916666666668	0.9	0.9
chr8	132927170	0.9	0.9	-0.7507083333333333	0.9	0.9
chr12	6791812	0.9	0.9	-0.7868333333333333	0.9	0.9
chr7	129876503	0.9	0.9	-0.770625	0.9	0.9
chr1	234409448	0.9	0.9	-0.8230833333333334	0.9	0.9
chrX	136657496	0.9	0.9	-0.7452500000000001	0.9	0.9
chr2	149586235	0.9	0.9	-0.7780416666666666	0.9	0.9
chr10	51317235	0.9	0.9	-0.8149583333333333	0.9	0.9
chr4	142557272	0.9	0.9	-0.7683333333333333	0.9	0.9
chrX	100830955	0.9	0.9	-0.7655833333333332	0.9	0.9
chr10	60611716	0.9	0.9	-0.8112083333333333	0.9	0.9
chr1	2153379	0.9	0.9	-0.7616666666666667	0.9	0.9
chr3	134363306	0.9	0.9	-0.8028333333333333	0.9	0.9
chrX	136649810	0.9	0.9	-0.7735416666666667	0.9	0.9
chrX	136660889	0.9	0.9	-0.7424166666666665	0.9	0.9
chr2	203711764	0.9	0.9	-0.8090833333333334	0.9	0.9
chrX	24891077	0.9	0.9	-0.7463333333333333	0.9	0.9
chr8	118339551	0.9	0.9	-0.7464999999999999	0.9	0.9
chr22	29605225	0.9	0.9	-0.7505833333333333	0.9	0.9
chrX	56780898	0.9	0.9	-0.7425833333333334	0.9	0.9
chr6	25918354	0.9	0.9	-0.8076666666666668	0.9	0.9
chrX	136694196	0.9	0.9	-0.7515000000000001	0.9	0.9
chr2	108988585	0.9	0.9	-0.7690833333333333	0.9	0.9
chr5	80140699	0.9	0.9	-0.8012083333333333	0.9	0.9
chr1	150111888	0.9	0.9	-0.8191666666666666	0.9	0.9
chr1	8420764	0.9	0.9	-0.7402500000000001	0.9	0.9
chr4	56301226	0.9	0.9	-0.7423333333333333	0.9	0.9
chr15	90540013	0.9	0.9	-0.8279166666666667	0.9	0.9
chr12	6791521	0.9	0.9	-0.7364999999999999	0.9	0.9
chrX	136654869	0.9	0.9	-0.7370833333333333	0.9	0.9
chr2	112182911	0.9	0.9	-0.7433333333333334	0.9	0.9
chr15	34550708	0.9	0.9	-0.7816666666666666	0.9	0.9
chr9	97904579	0.9	0.9	-0.7774999999999999	0.9	0.9
chr4	152327839	0.9	0.9	-0.7704583333333334	0.9	0.9
chr1	234408620	0.9	0.9	-0.7429166666666667	0.9	0.9
chr2	112187651	0.9	0.9	-0.7538333333333334	0.9	0.9
chr4	37954750	0.9	0.9	-0.7386666666666667	0.9	0.9
chr11	67439881	0.9	0.9	-0.7855833333333333	0.9	0.9
chr12	122730603	0.9	0.9	-0.7634166666666667	0.9	0.9
chr4	108165102	0.9	0.9	-0.7672916666666667	0.9	0.9
chr3	35708064	0.9	0.9	-0.7383333333333333	0.9	0.9
chr3	171636537	0.9	0.9	-0.7686666666666666	0.9	0.9
chr15	90539914	0.9	0.9	-0.7858333333333333	0.9	0.9
chr16	67223850	0.9	0.9	-0.7337499999999999	0.9	0.9
chr15	60697853	0.9	0.9	-0.7438333333333333	0.9	0.9
chr2	203711745	0.9	0.9	-0.8002916666666666	0.9	0.9
chr10	13943128	0.9	0.9	-0.7803333333333332	0.9	0.9
chr2	108988839	0.9	0.9	-0.7485833333333334	0.9	0.9
chr1	107575025	0.9	0.9	-0.7502083333333334	0.9	0.9
chr12	6791344	0.9	0.9	-0.7306666666666666	0.9	0.9
chr11	8464156	0.9	0.9	-0.7418333333333335	0.9	0.9
chrX	77960972	0.9	0.9	-0.7451666666666668	0.9	0.9
chrX	9876206	0.9	0.9	-0.7710833333333333	0.9	0.9
chr8	1792012	0.9	0.9	-0.7388333333333332	0.9	0.9
chr18	69955368	0.9	0.9	-0.7360000000000001	0.9	0.9
chrX	136694154	0.9	0.9	-0.7595833333333335	0.9	0.9
chrX	136694780	0.9	0.9	-0.74075	0.9	0.9
chr15	90539855	0.9	0.9	-0.7909999999999999	0.9	0.9
chr2	112182897	0.9	0.9	-0.7418333333333332	0.9	0.9
chr6	17284708	0.9	0.9	-0.7894583333333334	0.9	0.9
chr15	90540065	0.9	0.9	-0.8260000000000001	0.9	0.9
chrX	136655410	0.9	0.9	-0.7286666666666668	0.9	0.9
chr3	129441348	0.9	0.9	-0.73575	0.9	0.9
chr1	155008979	0.9	0.9	-0.7365833333333334	0.9	0.9
chr15	90539887	0.9	0.9	-0.8010833333333333	0.9	0.9
chr4	142557209	0.9	0.9	-0.7337500000000001	0.9	0.9
chr5	55982239	0.9	0.9	-0.7281250000000001	0.9	0.9
chr15	51494970	0.9	0.9	-0.7639583333333333	0.9	0.9
chr13	102873734	0.9	0.9	-0.7659166666666667	0.9	0.9
chr1	155010108	0.9	0.9	-0.7783333333333333	0.9	0.9
chr20	8114202	0.9	0.9	-0.750875	0.9	0.9
chr12	6789333	0.9	0.9	-0.7303333333333334	0.9	0.9
chr3	108836206	0.9	0.9	-0.7888333333333333	0.9	0.9
chr3	108825714	0.9	0.9	-0.8205	0.9	0.9
chr18	69956597	0.9	0.9	-0.8146666666666668	0.9	0.9
chr2	42299004	0.9	0.9	-0.8109166666666666	0.9	0.9
chr12	24941551	0.9	0.9	-0.7589166666666666	0.9	0.9
chr1	234408596	0.9	0.9	-0.7315833333333333	0.9	0.9
chr22	29605185	0.9	0.9	-0.7615833333333333	0.9	0.9
chr17	41868695	0.9	0.9	-0.7430833333333333	0.9	0.9
chr2	112183000	0.9	0.9	-0.7320833333333334	0.9	0.9
chr12	54981483	0.9	0.9	-0.7465833333333334	0.9	0.9
chr18	7857768	0.9	0.9	-0.7332916666666667	0.9	0.9
chr18	58275205	0.9	0.9	-0.811375	0.9	0.9
chr12	6791601	0.9	0.9	-0.7225833333333334	0.9	0.9
chr12	120821195	0.9	0.9	-0.7578333333333332	0.9	0.9
chr1	19518888	0.9	0.9	-0.7224166666666667	0.9	0.9
chr12	6786948	0.9	0.9	-0.76875	0.9	0.9
chr11	8464174	0.9	0.9	-0.7360833333333333	0.9	0.9
chr10	119653139	0.9	0.9	-0.7735	0.9	0.9
chr15	90539917	0.9	0.9	-0.8068333333333333	0.9	0.9
chr8	8869443	0.9	0.9	-0.7748333333333333	0.9	0.9
chr2	108988821	0.9	0.9	-0.7494166666666666	0.9	0.9
chr3	179037506	0.9	0.9	-0.7369166666666667	0.9	0.9
chr1	2232949	0.9	0.9	-0.7275	0.9	0.9
chr2	86786887	0.9	0.9	0.9	-0.8947499999999999	0.9
chr2	86821446	0.9	0.9	0.9	-0.8867500000000001	0.9
chr2	86786997	0.9	0.9	0.9	-0.91675	0.9
chr2	86821623	0.9	0.9	0.9	-0.86775	0.9
chr2	86821399	0.9	0.9	0.9	-0.8575833333333334	0.9
chr2	86785676	0.9	0.9	0.9	-0.85875	0.9
chr2	86821475	0.9	0.9	0.9	-0.84825	0.9
chr2	86786846	0.9	0.9	0.9	-0.8613333333333333	0.9
chr2	86821372	0.9	0.9	0.9	-0.8470833333333333	0.9
chr2	86821503	0.9	0.9	0.9	-0.8429166666666666	0.9
chr2	86786967	0.9	0.9	0.9	-0.8435416666666666	0.9
chr2	86826706	0.9	0.9	0.9	-0.8479166666666668	0.9
chr2	86786935	0.9	0.9	0.9	-0.867875	0.9
chr2	86821569	0.9	0.9	0.9	-0.8473333333333333	0.9
chr2	86785684	0.9	0.9	0.9	-0.8540000000000001	0.9
chr2	86821462	0.9	0.9	0.9	-0.8346666666666666	0.9
chr2	86826631	0.9	0.9	0.9	-0.8565833333333334	0.9
chr2	86821424	0.9	0.9	0.9	-0.8335	0.9
chr2	86785693	0.9	0.9	0.9	-0.8416666666666667	0.9
chr2	86785404	0.9	0.9	0.9	-0.8440833333333332	0.9
chr2	86785686	0.9	0.9	0.9	-0.8406666666666666	0.9
chr2	86821325	0.9	0.9	0.9	-0.8155833333333332	0.9
chr2	86787184	0.9	0.9	0.9	-0.8106666666666666	0.9
chr2	86821365	0.9	0.9	0.9	-0.8129166666666667	0.9
chr2	86821575	0.9	0.9	0.9	-0.8346666666666667	0.9
chr2	86786973	0.9	0.9	0.9	-0.848625	0.9
chr2	86785649	0.9	0.9	0.9	-0.8513333333333333	0.9
chr2	86787448	0.9	0.9	0.9	-0.8095000000000001	0.9
chr2	86785924	0.9	0.9	0.9	-0.8372499999999999	0.9
chr2	86821443	0.9	0.9	0.9	-0.826	0.9
chr2	86823341	0.9	0.9	0.9	-0.7954166666666665	0.9
chr2	86787215	0.9	0.9	0.9	-0.8078333333333333	0.9
chr2	86821735	0.9	0.9	0.9	-0.8008333333333333	0.9
chr11	122838905	0.9	0.9	0.9	-0.8290833333333334	0.9
chr2	86785586	0.9	0.9	0.9	-0.8193333333333335	0.9
chr2	86823573	0.9	0.9	0.9	-0.79975	0.9
chr2	86787242	0.9	0.9	0.9	-0.8075833333333333	0.9
chr2	86786950	0.9	0.9	0.9	-0.8111666666666667	0.9
chr2	86785934	0.9	0.9	0.9	-0.7945	0.9
chr2	86806751	0.9	0.9	0.9	-0.797	0.9
chr11	122839020	0.9	0.9	0.9	-0.8084166666666667	0.9
chr2	86826749	0.9	0.9	0.9	-0.7954166666666665	0.9
chr2	86826697	0.9	0.9	0.9	-0.81	0.9
chr2	86823761	0.9	0.9	0.9	-0.7734166666666666	0.9
chr2	86806739	0.9	0.9	0.9	-0.7699166666666666	0.9
chr2	86786835	0.9	0.9	0.9	-0.7763333333333333	0.9
chr2	86786670	0.9	0.9	0.9	-0.7800833333333334	0.9
chr2	86787176	0.9	0.9	0.9	-0.778	0.9
chr2	86785751	0.9	0.9	0.9	-0.8098333333333334	0.9
chr2	86807076	0.9	0.9	0.9	-0.7595000000000001	0.9
chr2	86785955	0.9	0.9	0.9	-0.7745833333333333	0.9
chr2	86826712	0.9	0.9	0.9	-0.7943333333333333	0.9
chr2	86806645	0.9	0.9	0.9	-0.75275	0.9
chr2	86821718	0.9	0.9	0.9	-0.7594166666666667	0.9
chr2	86824021	0.9	0.9	0.9	-0.7585000000000001	0.9
chr2	86821874	0.9	0.9	0.9	-0.7601666666666667	0.9
chr2	86823691	0.9	0.9	0.9	-0.7495	0.9
chr2	86827071	0.9	0.9	0.9	-0.7523333333333333	0.9
chr2	86806775	0.9	0.9	0.9	-0.7489166666666667	0.9
chr2	86823432	0.9	0.9	0.9	-0.7448333333333332	0.9
chr2	86823709	0.9	0.9	0.9	-0.7451666666666666	0.9
chr2	86806607	0.9	0.9	0.9	-0.7578333333333331	0.9
chr2	86806683	0.9	0.9	0.9	-0.7471666666666668	0.9
chr2	86823559	0.9	0.9	0.9	-0.7413333333333333	0.9
chr2	86826843	0.9	0.9	0.9	-0.77	0.9
chr2	86821728	0.9	0.9	0.9	-0.7464166666666666	0.9
chr2	86786815	0.9	0.9	0.9	-0.7475833333333334	0.9
chr2	86788547	0.9	0.9	0.9	-0.7481666666666666	0.9
chr2	86825187	0.9	0.9	0.9	-0.7774166666666668	0.9
chr2	86786036	0.9	0.9	0.9	-0.7695000000000001	0.9
chr2	86823728	0.9	0.9	0.9	-0.7395833333333335	0.9
chr2	86786741	0.9	0.9	0.9	-0.7385833333333334	0.9
chr2	86787144	0.9	0.9	0.9	-0.7499166666666666	0.9
chr2	86823369	0.9	0.9	0.9	-0.743	0.9
chr2	86785931	0.9	0.9	0.9	-0.7473333333333334	0.9
chr2	86793813	0.9	0.9	0.9	-0.8069999999999999	0.9
chr2	86786875	0.9	0.9	0.9	-0.7375	0.9
chr11	122838958	0.9	0.9	0.9	-0.7723333333333333	0.9
chr2	86785443	0.9	0.9	0.9	-0.7368333333333333	0.9
chr2	86824756	0.9	0.9	0.9	-0.7494999999999999	0.9
chr2	86806715	0.9	0.9	0.9	-0.7240833333333333	0.9
chr2	86826614	0.9	0.9	0.9	-0.7541666666666668	0.9
chr10	132893714	0.9	0.9	0.9	-0.7195833333333335	0.9
chr2	86794014	0.9	0.9	0.9	-0.7380833333333333	0.9
chr2	86821938	0.9	0.9	0.9	-0.7093333333333334	0.9
chr2	86788553	0.9	0.9	0.9	-0.7185833333333332	0.9
chr2	86788420	0.9	0.9	0.9	-0.7147500000000001	0.9
chr2	86821712	0.9	0.9	0.9	-0.7212500000000001	0.9
chr2	86809186	0.9	0.9	0.9	-0.7351666666666669	0.9
chr2	86786801	0.9	0.9	0.9	-0.7070000000000001	0.9
chr2	86806617	0.9	0.9	0.9	-0.7185833333333332	0.9
chr2	86786747	0.9	0.9	0.9	-0.7016666666666667	0.9
chr2	86825351	0.9	0.9	0.9	-0.7157916666666666	0.9
chr10	132893718	0.9	0.9	0.9	-0.70475	0.9
chr22	39913499	0.9	0.9	0.9	-0.7279166666666665	0.9
chr2	86786011	0.9	0.9	0.9	-0.6975000000000001	0.9
chr2	86821293	0.9	0.9	0.9	-0.6940833333333333	0.9
chr2	86826913	0.9	0.9	0.9	-0.6965833333333333	0.9
chr2	86809178	0.9	0.9	0.9	-0.7109166666666666	0.9
chr11	122839013	0.9	0.9	0.9	-0.7056666666666667	0.9
chr2	86788529	0.9	0.9	0.9	-0.70075	0.9
chr2	86788329	0.9	0.9	0.9	-0.698	0.9
chr2	86809110	0.9	0.9	0.9	-0.6966666666666665	0.9
chr10	113763550	0.9	0.9	0.9	-0.73675	0.9
chr2	86823403	0.9	0.9	0.9	-0.6909999999999998	0.9
chr2	86794324	0.9	0.9	0.9	-0.70975	0.9
chr2	86821904	0.9	0.9	0.9	-0.6899166666666667	0.9
chr22	39916256	0.9	0.9	0.9	-0.7241666666666667	0.9
chr2	86788320	0.9	0.9	0.9	-0.69125	0.9
chr2	86843183	0.9	0.9	0.9	-0.7036666666666667	0.9
chr2	86825827	0.9	0.9	0.9	-0.7481666666666666	0.9
chr2	86861079	0.9	0.9	0.9	-0.6849166666666667	0.9
chr2	165660816	0.9	0.9	0.9	-0.7250833333333333	0.9
chr8	143929319	0.9	0.9	0.9	-0.7034166666666666	0.9
chr11	122838966	0.9	0.9	0.9	-0.7566666666666666	0.9
chr2	86785987	0.9	0.9	0.9	-0.6875833333333333	0.9
chr2	86843216	0.9	0.9	0.9	-0.6895833333333332	0.9
chr19	1090260	0.9	0.9	0.9	-0.6879166666666667	0.9
chr14	93066496	0.9	0.9	0.9	-0.7261666666666666	0.9
chr22	39914746	0.9	0.9	0.9	-0.7503333333333333	0.9
chr2	86807189	0.9	0.9	0.9	-0.6905000000000001	0.9
chr2	86825738	0.9	0.9	0.9	-0.7906666666666666	0.9
chr9	89479430	0.9	0.9	0.9	-0.7063333333333333	0.9
chr7	134995272	0.9	0.9	0.9	-0.68275	0.9
chr2	86823439	0.9	0.9	0.9	-0.6779166666666667	0.9
chr2	86809265	0.9	0.9	0.9	-0.6975833333333334	0.9
chr2	86787657	0.9	0.9	0.9	-0.6755416666666666	0.9
chr2	86809249	0.9	0.9	0.9	-0.6864166666666667	0.9
chr2	86786757	0.9	0.9	0.9	-0.67275	0.9
chr2	86821762	0.9	0.9	0.9	-0.7092500000000002	0.9
chr2	86825236	0.9	0.9	0.9	-0.6939583333333333	0.9
chr2	86827066	0.9	0.9	0.9	-0.6732499999999999	0.9
chr2	86821256	0.9	0.9	0.9	-0.6674166666666665	0.9
chr15	50259505	0.9	0.9	0.9	-0.6817916666666666	0.9
chr2	86786794	0.9	0.9	0.9	-0.6669166666666667	0.9
chr2	86826889	0.9	0.9	0.9	-0.6670833333333334	0.9
chrX	69874587	0.9	0.9	0.9	-0.6765416666666667	0.9
chr2	86809174	0.9	0.9	0.9	-0.6760833333333333	0.9
chr22	33612263	0.9	0.9	0.9	-0.685875	0.9
chr2	86809304	0.9	0.9	0.9	-0.67675	0.9
chr22	39914727	0.9	0.9	0.9	-0.7297083333333333	0.9
chr6	106428671	0.9	0.9	0.9	-0.6865833333333333	0.9
chr11	66316257	0.9	0.9	0.9	-0.6586666666666667	0.9
chr2	86786564	0.9	0.9	0.9	-0.7433333333333333	0.9
chr2	86822007	0.9	0.9	0.9	-0.6564166666666666	0.9
chr15	76994615	0.9	0.9	0.9	-0.69025	0.9
chr2	86788857	0.9	0.9	0.9	-0.6566666666666666	0.9
chr9	33786745	0.9	0.9	0.9	-0.6553333333333333	0.9
chr2	86785353	0.9	0.9	0.9	-0.6549166666666667	0.9
chr2	86843250	0.9	0.9	0.9	-0.6525833333333333	0.9
chr17	77107646	0.9	0.9	0.9	-0.6609999999999999	0.9
chr11	124245462	0.9	0.9	0.9	-0.6507916666666668	0.9
chr19	1090909	0.9	0.9	0.9	-0.6464166666666666	0.9
chr2	86787653	0.9	0.9	0.9	-0.64275	0.9
chr2	86827517	0.9	0.9	0.9	-0.6435833333333334	0.9
chr20	63782109	0.9	0.9	0.9	-0.7174583333333333	0.9
chr6	6194718	0.9	0.9	0.9	-0.6468333333333334	0.9
chr2	86821270	0.9	0.9	0.9	-0.636	0.9
chr15	54463283	0.9	0.9	0.9	-0.6590833333333334	0.9
chr2	86826503	0.9	0.9	0.9	-0.7403333333333333	0.9
chr11	122838985	0.9	0.9	0.9	-0.7341666666666666	0.9
chr11	122839028	0.9	0.9	0.9	-0.6609166666666667	0.9
chr11	67405685	0.9	0.9	0.9	-0.7135	0.9
chr9	89479379	0.9	0.9	0.9	-0.6548333333333333	0.9
chr14	93066560	0.9	0.9	0.9	-0.6716666666666667	0.9
chr3	13388209	0.9	0.9	0.9	-0.6398333333333333	0.9
chr9	89479436	0.9	0.9	0.9	-0.6604166666666667	0.9
chr14	93066604	0.9	0.9	0.9	-0.6844583333333334	0.9
chr19	32586388	0.9	0.9	0.9	-0.6532916666666668	0.9
chr1	16023012	0.9	0.9	0.9	-0.70175	0.9
chr2	86826923	0.9	0.9	0.9	-0.6333333333333333	0.9
chr22	39914820	0.9	0.9	0.9	-0.6824166666666667	0.9
chr1	247454731	0.9	0.9	0.9	-0.641625	0.9
chr2	86785582	0.9	0.9	0.9	-0.6907916666666666	0.9
chr20	53581757	0.9	0.9	0.9	-0.65275	0.9
chr21	44293811	0.9	0.9	0.9	-0.6755	0.9
chr14	93066624	0.9	0.9	0.9	-0.6804166666666666	0.9
chr4	141210325	0.9	0.9	0.9	-0.6401666666666667	0.9
chr11	67406835	0.9	0.9	0.9	-0.6829166666666667	0.9
chr19	1090978	0.9	0.9	0.9	-0.684	0.9
chr19	1090999	0.9	0.9	0.9	-0.6754166666666667	0.9
chr12	107487926	0.9	0.9	0.9	-0.6414166666666667	0.9
chr2	86792488	0.9	0.9	0.9	-0.6312499999999999	0.9
chr12	44827678	0.9	0.9	0.9	-0.6306666666666666	0.9
chr21	44293804	0.9	0.9	0.9	-0.6810833333333334	0.9
chr8	143929237	0.9	0.9	0.9	-0.6287499999999999	0.9
chr5	55141965	0.9	0.9	0.9	-0.6439166666666667	0.9
chr12	47211856	0.9	0.9	0.9	-0.6853333333333333	0.9
chr20	31641474	0.9	0.9	0.9	-0.6279166666666667	0.9
chr11	67405980	0.9	0.9	0.9	-0.7037500000000001	0.9
chr2	86787519	0.9	0.9	0.9	-0.6204999999999999	0.9
chr21	44293806	0.9	0.9	0.9	-0.6921666666666667	0.9
chr2	86806923	0.9	0.9	0.9	-0.6577500000000001	0.9
chr14	93066489	0.9	0.9	0.9	-0.6781666666666667	0.9
chr3	142508729	0.9	0.9	0.9	-0.6270833333333333	0.9
chr7	146934428	0.9	0.9	0.9	-0.622625	0.9
chr11	67436114	0.9	0.9	0.9	-0.6318333333333335	0.9
chr2	86793663	0.9	0.9	0.9	-0.6244166666666666	0.9
chr1	31424925	0.9	0.9	0.9	-0.7725416666666667	0.9
chr2	86821793	0.9	0.9	0.9	-0.6641666666666667	0.9
chr2	86788863	0.9	0.9	0.9	-0.6211666666666666	0.9
chr22	39915088	0.9	0.9	0.9	-0.63475	0.9
chr11	122839462	0.9	0.9	0.9	-0.62175	0.9
chr2	86806600	0.9	0.9	0.9	-0.6184166666666667	0.9
chr11	67436117	0.9	0.9	0.9	-0.6255833333333333	0.9
chr2	86788689	0.9	0.9	0.9	-0.6178333333333335	0.9
chr2	86825518	0.9	0.9	0.9	-0.7321666666666666	0.9
chr22	39916740	0.9	0.9	0.9	-0.634	0.9
chr2	86809087	0.9	0.9	0.9	-0.6155	0.9
chr16	57134045	0.9	0.9	0.9	-0.6225000000000002	0.9
chr20	20108725	0.9	0.9	0.9	-0.6470833333333333	0.9
chr16	57134074	0.9	0.9	0.9	-0.6152500000000001	0.9
chr8	143929800	0.9	0.9	0.9	-0.6238333333333334	0.9
chr1	40388088	0.9	0.9	0.9	-0.6108333333333333	0.9
chr19	40764115	0.9	0.9	0.9	-0.6136666666666667	0.9
chr8	143929741	0.9	0.9	0.9	-0.6311666666666667	0.9
chr8	143929241	0.9	0.9	0.9	-0.6181666666666665	0.9
chr2	195821532	0.9	0.9	0.9	-0.6332083333333334	0.9
chr16	56994364	0.9	0.9	0.9	-0.6733333333333333	0.9
chr18	80126873	0.9	0.9	0.9	-0.6475	0.9
chr4	141210304	0.9	0.9	0.9	-0.6115833333333334	0.9
chr2	86790132	0.9	0.9	0.9	-0.6095	0.9
chr2	86788885	0.9	0.9	0.9	-0.6091666666666667	0.9
chr19	1091017	0.9	0.9	0.9	-0.7095833333333333	0.9
chr2	86824330	0.9	0.9	0.9	-0.604	0.9
chr11	67405710	0.9	0.9	0.9	-0.6729999999999999	0.9
chr22	39917199	0.9	0.9	0.9	-0.6518333333333335	0.9
chr12	107488238	0.9	0.9	0.9	-0.6084166666666667	0.9
chr11	66316504	0.9	0.9	0.9	-0.6079166666666667	0.9
chr2	219452340	0.9	0.9	0.9	-0.6405000000000001	0.9
chr2	241112730	0.9	0.9	0.9	-0.6070833333333333	0.9
chr7	98989763	0.9	0.9	0.9	-0.6004166666666666	0.9
chr4	8116425	0.9	0.9	0.9	-0.6005	0.9
chr1	158070832	0.9	0.9	0.9	-0.6034999999999999	0.9
chr16	10776305	0.9	0.9	0.9	-0.6070000000000001	0.9
chr19	40753961	0.9	0.9	0.9	-0.6263333333333333	0.9
chr17	64393274	0.9	0.9	0.9	-0.60925	0.9
chr2	105855958	0.9	0.9	0.9	-0.7178333333333332	0.9
chr16	1526426	0.9	0.9	0.9	-0.6046666666666667	0.9
chr11	66640025	0.9	0.9	0.9	-0.59975	0.9
chr8	143929856	0.9	0.9	0.9	-0.6087500000000001	0.9
chr19	41900545	0.9	0.9	0.9	-0.5964166666666666	0.9
chr16	29809424	0.9	0.9	0.9	-0.61375	0.9
chr15	52415673	0.9	0.9	0.9	-0.5971666666666666	0.9
chr5	139275131	0.9	0.9	0.9	-0.66925	0.9
chr6	16711763	0.9	0.9	0.9	-0.71425	0.9
chr22	39912687	0.9	0.9	0.9	-0.64475	0.9
chr8	143929841	0.9	0.9	0.9	-0.6230833333333332	0.9
chr3	24372342	0.9	0.9	0.9	-0.5997500000000001	0.9
chr11	122849173	0.9	0.9	0.9	-0.6321666666666667	0.9
chr7	37964247	0.9	0.9	0.9	-0.6977500000000001	0.9
chr19	42854536	0.9	0.9	0.9	-0.6039166666666667	0.9
chr19	40764124	0.9	0.9	0.9	-0.6024166666666667	0.9
chr1	40389093	0.9	0.9	0.9	-0.6191666666666666	0.9
chr2	86825282	0.9	0.9	0.9	-0.6988333333333333	0.9
chr2	86794588	0.9	0.9	0.9	-0.591	0.9
chr15	76994606	0.9	0.9	0.9	-0.6145833333333333	0.9
chr8	143929739	0.9	0.9	0.9	-0.6032500000000001	0.9
chr11	122839087	0.9	0.9	0.9	-0.59975	0.9
chr8	13447581	0.9	0.9	0.9	-0.5928333333333333	0.9
chr4	8116024	0.9	0.9	0.9	-0.6634166666666667	0.9
chr12	122167216	0.9	0.9	0.9	-0.5906666666666667	0.9
chr19	1091211	0.9	0.9	0.9	-0.5913333333333333	0.9
chr2	86818360	0.9	0.9	0.9	-0.5870833333333334	0.9
chr2	206458226	0.9	0.9	0.9	-0.5872916666666667	0.9
chr15	76994587	0.9	0.9	0.9	-0.65825	0.9
chr9	131358887	0.9	0.9	0.9	-0.6321666666666665	0.9
chr9	69272061	0.9	0.9	0.9	-0.6231666666666666	0.9
chr2	86793159	0.9	0.9	0.9	-0.5875	0.9
chr9	89479493	0.9	0.9	0.9	-0.5918333333333333	0.9
chr13	75321379	0.9	0.9	0.9	-0.6711666666666667	0.9
chr16	57134084	0.9	0.9	0.9	-0.5889166666666668	0.9
chr2	86765042	0.9	0.9	0.9	-0.6033333333333333	0.9
chr6	127813568	0.9	0.9	0.9	-0.6001666666666665	0.9
chr7	48439804	0.9	0.9	0.9	-0.583875	0.9
chr9	89479537	0.9	0.9	0.9	-0.6082500000000001	0.9
chr1	161270696	0.9	0.9	0.9	-0.6120833333333333	0.9
chr8	118403568	0.9	0.9	0.9	-0.6062083333333332	0.9
chr14	100107292	0.9	0.9	0.9	-0.6041666666666666	0.9
chr2	86787167	0.9	0.9	0.9	-0.5826666666666667	0.9
chr11	122839121	0.9	0.9	0.9	-0.6173333333333333	0.9
chr2	86792722	0.9	0.9	0.9	-0.5885	0.9
chr9	89479316	0.9	0.9	0.9	-0.5905833333333333	0.9
chr2	241109615	0.9	0.9	0.9	-0.5954999999999999	0.9
chr11	67405949	0.9	0.9	0.9	-0.6081666666666665	0.9
chr7	134993003	0.9	0.9	0.9	-0.6084166666666666	0.9
chr3	129181515	0.9	0.9	0.9	-0.7146666666666667	0.9
chr19	3766819	0.9	0.9	0.9	-0.6228333333333333	0.9
chr21	35295880	0.9	0.9	0.9	-0.5830833333333334	0.9
chr2	241112742	0.9	0.9	0.9	-0.5833333333333334	0.9
chr11	67436136	0.9	0.9	0.9	-0.5931666666666666	0.9
chr20	53581760	0.9	0.9	0.9	-0.6194166666666667	0.9
chr11	67406794	0.9	0.9	0.9	-0.6055833333333334	0.9
chr3	167253321	0.9	0.9	0.9	-0.608	0.9
chr15	50259396	0.9	0.9	0.9	-0.5840833333333333	0.9
chr22	39939357	0.9	0.9	0.9	-0.58725	0.9
chr16	57133997	0.9	0.9	0.9	-0.5935833333333332	0.9
chr1	178235501	0.9	0.9	0.9	-0.6405	0.9
chr20	62141307	0.9	0.9	0.9	-0.5783333333333334	0.9
chr12	47211840	0.9	0.9	0.9	-0.6456666666666666	0.9
chr2	135317761	0.9	0.9	0.9	-0.6056666666666667	0.9
chr17	19534981	0.9	0.9	0.9	-0.6732500000000001	0.9
chr21	41354831	0.9	0.9	0.9	-0.6075	0.9
chr12	122167016	0.9	0.9	0.9	-0.6028333333333333	0.9
chr3	114137857	0.9	0.9	0.9	-0.576375	0.9
chr17	77107767	0.9	0.9	0.9	-0.5905	0.9
chr15	22880418	0.9	0.9	0.9	-0.5921666666666667	0.9
chr22	28680685	0.9	0.9	0.9	-0.5994166666666667	0.9
chr11	122840558	0.9	0.9	0.9	-0.6625000000000001	0.9
chr6	16437410	0.9	0.9	0.9	-0.7191666666666666	0.9
chr16	58389431	0.9	0.9	0.9	-0.6012500000000001	0.9
chr11	67406868	0.9	0.9	0.9	-0.6435833333333333	0.9
chr22	37166480	0.9	0.9	0.9	-0.6238333333333334	0.9
chr6	127813889	0.9	0.9	0.9	-0.5889999999999999	0.9
chr11	66316267	0.9	0.9	0.9	-0.573	0.9
chr22	39924625	0.9	0.9	0.9	-0.5891666666666666	0.9
chr8	133468006	0.9	0.9	0.9	-0.5734166666666667	0.9
chr20	53581691	0.9	0.9	0.9	-0.61675	0.9
chr2	86821911	0.9	0.9	0.9	-0.5705833333333332	0.9
chr22	39914812	0.9	0.9	0.9	-0.6586666666666667	0.9
chr17	16440666	0.9	0.9	0.9	-0.6205833333333334	0.9
chr20	53581737	0.9	0.9	0.9	-0.6005	0.9
chr10	72080052	0.9	0.9	0.9	-0.5989166666666665	0.9
chr22	39942581	0.9	0.9	0.9	-0.5765833333333332	0.9
chr8	143929220	0.9	0.9	0.9	-0.57225	0.9
chr8	143929967	0.9	0.9	0.9	-0.5799166666666666	0.9
chr17	38782667	0.9	0.9	0.9	-0.5740833333333333	0.9
chr3	65684936	0.9	0.9	0.9	-0.6637500000000001	0.9
chr5	131254472	0.9	0.9	0.9	-0.7839166666666667	0.9
chr2	241109602	0.9	0.9	0.9	-0.5895833333333333	0.9
chr11	67436134	0.9	0.9	0.9	-0.5919166666666668	0.9
chr14	32794466	0.9	0.9	0.9	-0.59725	0.9
chr9	89479353	0.9	0.9	0.9	-0.5793333333333333	0.9
chr1	40388114	0.9	0.9	0.9	-0.5702499999999999	0.9
chr12	53463213	0.9	0.9	0.9	-0.5738333333333334	0.9
chr8	143929729	0.9	0.9	0.9	-0.6061666666666666	0.9
chr2	241112870	0.9	0.9	0.9	-0.5815833333333333	0.9
chr11	67406871	0.9	0.9	0.9	-0.6633333333333333	0.9
chr2	131010528	0.9	0.9	0.9	-0.5906666666666667	0.9
chr7	134992956	0.9	0.9	0.9	-0.6120833333333333	0.9
chr19	50713880	0.9	0.9	0.9	-0.5784166666666667	0.9
chr7	2037472	0.9	0.9	0.9	-0.5710000000000001	0.9
chr11	66316294	0.9	0.9	0.9	-0.5685000000000001	0.9
chr5	157204558	0.9	0.9	0.9	-0.5871666666666666	0.9
chr7	28581455	0.9	0.9	0.9	-0.6125833333333334	0.9
chr18	46747924	0.9	0.9	0.9	-0.5819583333333334	0.9
chr10	7590543	0.9	0.9	0.9	-0.5878333333333333	0.9
chr2	131010566	0.9	0.9	0.9	-0.5694166666666666	0.9
chr8	143929915	0.9	0.9	0.9	-0.5861666666666666	0.9
chr9	89479549	0.9	0.9	0.9	-0.6378333333333334	0.9
chr19	1090855	0.9	0.9	0.9	-0.5840833333333333	0.9
chr19	16218401	0.9	0.9	0.9	-0.5679166666666666	0.9
chr1	40388244	0.9	0.9	0.9	-0.5715833333333333	0.9
chr6	127813927	0.9	0.9	0.9	-0.6259166666666667	0.9
chr19	16208128	0.9	0.9	0.9	-0.5940833333333333	0.9
chr20	64035331	0.9	0.9	0.9	-0.6357499999999999	0.9
chrX	31769465	0.9	0.9	0.9	-0.5805	0.9
chr20	53581496	0.9	0.9	0.9	-0.5749166666666667	0.9
chr1	13497364	0.9	0.9	0.9	-0.6155833333333333	0.9
chr17	64393372	0.9	0.9	0.9	-0.5845	0.9
chr3	151202023	0.9	0.9	0.9	-0.647	0.9
chr22	39914816	0.9	0.9	0.9	-0.6255833333333334	0.9
chr1	54301833	0.9	0.9	0.9	-0.5756666666666667	0.9
chr22	39912919	0.9	0.9	0.9	-0.5643333333333334	0.9
chr17	64393332	0.9	0.9	0.9	-0.6008333333333333	0.9
chr22	39916322	0.9	0.9	0.9	-0.5755	0.9
chr2	241112659	0.9	0.9	0.9	-0.5794166666666667	0.9
chr22	50473874	0.9	0.9	0.9	-0.5698333333333333	0.9
chr11	59416921	0.9	0.9	0.9	-0.5643333333333334	0.9
chr12	56034887	0.9	0.9	0.9	-0.59275	0.9
chr1	40388657	0.9	0.9	0.9	-0.5766666666666667	0.9
chr22	39924364	0.9	0.9	0.9	-0.5633333333333335	0.9
chr11	122845076	0.9	0.9	0.9	-0.5655000000000001	0.9
chrX	132790249	0.9	0.9	0.9	-0.5799166666666669	0.9
chr22	39918808	0.9	0.9	0.9	-0.588	0.9
chr22	32575519	0.9	0.9	0.9	-0.5901666666666667	0.9
chr2	86807181	0.9	0.9	0.9	-0.5625833333333333	0.9
chr11	122839278	0.9	0.9	0.9	-0.5780833333333334	0.9
chr4	17658134	0.9	0.9	0.9	-0.59225	0.9
chr2	86824462	0.9	0.9	0.9	-0.5658333333333333	0.9
chr2	86807191	0.9	0.9	0.9	-0.5813333333333333	0.9
chr9	94632615	0.9	0.9	0.9	-0.5964583333333333	0.9
chr8	143929935	0.9	0.9	0.9	-0.5758333333333333	0.9
chr11	66640037	0.9	0.9	0.9	-0.5640000000000001	0.9
chr10	54199827	0.9	0.9	0.9	-0.5655833333333333	0.9
chr4	112309451	0.9	0.9	0.9	-0.5600833333333334	0.9
chrX	134614869	0.9	0.9	0.9	-0.5790416666666667	0.9
chr1	47961688	0.9	0.9	0.9	-0.5675416666666666	0.9
chr10	132893695	0.9	0.9	0.9	-0.5589166666666666	0.9
chr2	144233782	0.9	0.9	0.9	-0.6483333333333333	0.9
chr16	68753255	0.9	0.9	0.9	-0.5695833333333333	0.9
chr8	143929865	0.9	0.9	0.9	-0.5722499999999999	0.9
chr8	143929860	0.9	0.9	0.9	-0.5633333333333334	0.9
chr11	67435726	0.9	0.9	0.9	-0.5655000000000001	0.9
chr6	17704163	0.9	0.9	0.9	-0.6065833333333333	0.9
chr19	1090893	0.9	0.9	0.9	-0.5594166666666667	0.9
chr2	241113048	0.9	0.9	0.9	-0.5728333333333332	0.9
chr12	44548619	0.9	0.9	0.9	-0.5691666666666667	0.9
chr1	40388662	0.9	0.9	0.9	-0.5875416666666666	0.9
chr20	31721776	0.9	0.9	0.9	-0.6115833333333333	0.9
chr20	53581685	0.9	0.9	0.9	-0.5771666666666667	0.9
chr8	143929226	0.9	0.9	0.9	-0.5620833333333333	0.9
chr10	72075921	0.9	0.9	0.9	-0.56475	0.9
chr1	247454742	0.9	0.9	0.9	-0.5591666666666667	0.9
chr22	28680683	0.9	0.9	0.9	-0.5923333333333334	0.9
chr7	134992805	0.9	0.9	0.9	-0.5730833333333334	0.9
chr2	86786790	0.9	0.9	0.9	-0.5551666666666667	0.9
chr6	127813609	0.9	0.9	0.9	-0.57875	0.9
chr17	3795795	0.9	0.9	0.9	-0.5678333333333333	0.9
chr16	89785562	0.9	0.9	0.9	-0.6064999999999999	0.9
chr15	30563348	0.9	0.9	0.9	-0.6072916666666667	0.9
chr20	41144468	0.9	0.9	0.9	-0.58925	0.9
chr22	39914752	0.9	0.9	0.9	-0.740875	0.9
chr11	66316546	0.9	0.9	0.9	-0.5575	0.9
chr19	52606670	0.9	0.9	0.9	-0.5614166666666667	0.9
chr20	53581404	0.9	0.9	0.9	-0.5939999999999999	0.9
chr9	89479578	0.9	0.9	0.9	-0.6079166666666667	0.9
chr2	101716428	0.9	0.9	0.9	-0.5599999999999999	0.9
chr19	13241239	0.9	0.9	0.9	-0.6566666666666667	0.9
chr11	122845109	0.9	0.9	0.9	-0.55575	0.9
chr21	44294402	0.9	0.9	0.9	-0.5603333333333333	0.9
chr4	161396833	0.9	0.9	0.9	-0.5694166666666667	0.9
chr22	39911822	0.9	0.9	0.9	-0.6580833333333332	0.9
chr6	158454513	0.9	0.9	0.9	-0.5693333333333332	0.9
chr10	14692650	0.9	0.9	0.9	-0.5747500000000001	0.9
chr22	39912726	0.9	0.9	0.9	-0.5735833333333334	0.9
chr20	50844799	0.9	0.9	0.9	-0.5870833333333334	0.9
chr11	67406843	0.9	0.9	0.9	-0.6300833333333334	0.9
chr11	1255634	0.9	0.9	0.9	-0.5598333333333334	0.9
chr5	66753300	0.9	0.9	0.9	-0.6015416666666666	0.9
chr12	47211607	0.9	0.9	0.9	-0.5863333333333334	0.9
chr3	61885192	0.9	0.9	0.9	-0.55725	0.9
chr4	17658086	0.9	0.9	0.9	-0.6251666666666666	0.9
chr2	241112686	0.9	0.9	0.9	-0.55675	0.9
chr8	143929970	0.9	0.9	0.9	-0.565	0.9
chr22	39456325	0.9	0.9	0.9	-0.565	0.9
chr16	1526429	0.9	0.9	0.9	-0.5535416666666666	0.9
chr16	57133990	0.9	0.9	0.9	-0.5598333333333333	0.9
chr10	14528341	0.9	0.9	0.9	-0.5609999999999999	0.9
chr20	63782114	0.9	0.9	0.9	-0.655	0.9
chr10	7590571	0.9	0.9	0.9	-0.5824166666666666	0.9
chr2	166532764	0.9	0.9	0.9	-0.5535000000000001	0.9
chr19	1091098	0.9	0.9	0.9	-0.5969166666666667	0.9
chr11	122840542	0.9	0.9	0.9	-0.58425	0.9
chr8	143929824	0.9	0.9	0.9	-0.5521666666666667	0.9
chr1	247454783	0.9	0.9	0.9	-0.5733333333333334	0.9
chr5	95426522	0.9	0.9	0.9	-0.5872916666666667	0.9
chr22	38752777	0.9	0.9	0.9	-0.6309166666666666	0.9
chr18	44893388	0.9	0.9	0.9	-0.65025	0.9
chr1	40388457	0.9	0.9	0.9	-0.5513333333333335	0.9
chr16	87868256	0.9	0.9	0.9	-0.5891666666666667	0.9
chr18	79245973	0.9	0.9	0.9	-0.566875	0.9
chr22	39924368	0.9	0.9	0.9	-0.5495833333333333	0.9
chr11	78187471	0.9	0.9	0.9	-0.5767500000000001	0.9
chr17	77107765	0.9	0.9	0.9	-0.5810833333333334	0.9
chr4	118977167	0.9	0.9	0.9	-0.5554999999999999	0.9
chr17	77107690	0.9	0.9	0.9	-0.56575	0.9
chr5	1268697	0.9	0.9	0.9	-0.6051666666666666	0.9
chr11	66639993	0.9	0.9	0.9	-0.6895	0.9
chr19	1090869	0.9	0.9	0.9	-0.602	0.9
chr2	234076592	0.9	0.9	0.9	-0.55775	0.9
chr19	50961254	0.9	0.9	0.9	-0.5479166666666667	0.9
chr17	81663122	0.9	0.9	0.9	-0.6255833333333334	0.9
chr20	53581441	0.9	0.9	0.9	-0.55425	0.9
chr22	49964389	0.9	0.9	0.9	-0.5704166666666667	0.9
chr17	77107773	0.9	0.9	0.9	-0.57575	0.9
chr2	8899871	0.9	0.9	0.9	-0.5498333333333334	0.9
chr20	64035132	0.9	0.9	0.9	-0.597	0.9
chr2	86809261	0.9	0.9	0.9	-0.5549166666666666	0.9
chr11	14577999	0.9	0.9	0.9	-0.585	0.9
chr11	67436087	0.9	0.9	0.9	-0.5689166666666666	0.9
chr2	158421788	0.9	0.9	0.9	-0.5556666666666666	0.9
chr16	57134124	0.9	0.9	0.9	-0.55025	0.9
chr15	72190801	0.9	0.9	0.9	-0.5692083333333333	0.9
chr19	13869671	0.9	0.9	0.9	-0.546	0.9
chr9	89479576	0.9	0.9	0.9	-0.6358333333333334	0.9
chr2	165142721	0.9	0.9	0.9	-0.5755833333333332	0.9
chr4	61353628	0.9	0.9	0.9	-0.5497500000000001	0.9
chr8	16201239	0.9	0.9	0.9	-0.5547500000000001	0.9
chr12	56034881	0.9	0.9	0.9	-0.5914166666666667	0.9
chr12	39616843	0.9	0.9	0.9	-0.5630833333333334	0.9
chr16	57131510	0.9	0.9	0.9	-0.5465833333333333	0.9
chr2	86791805	0.9	0.9	0.9	-0.5554166666666667	0.9
chr8	143929699	0.9	0.9	0.9	-0.61375	0.9
chr10	133546024	0.9	0.9	0.9	-0.5513333333333335	0.9
chr8	663797	0.9	0.9	0.9	-0.5631666666666666	0.9
chrX	16618679	0.9	0.9	0.9	-0.5462916666666666	0.9
chr7	104749377	0.9	0.9	0.9	-0.5704583333333333	0.9
chr1	205320500	0.9	0.9	0.9	-0.5714583333333334	0.9
chr22	33304764	0.9	0.9	0.9	-0.6703333333333333	0.9
chr7	134995303	0.9	0.9	0.9	-0.54325	0.9
chr19	13869634	0.9	0.9	0.9	-0.5616666666666666	0.9
chr5	171062225	0.9	0.9	0.9	-0.57075	0.9
chr4	85503826	0.9	0.9	0.9	-0.5900833333333333	0.9
chr12	122167214	0.9	0.9	0.9	-0.5489166666666666	0.9
chr1	40389066	0.9	0.9	0.9	-0.5521666666666666	0.9
chr6	16486781	0.9	0.9	0.9	-0.5786666666666666	0.9
chr15	76997695	0.9	0.9	0.9	-0.5791666666666666	0.9
chr1	40388100	0.9	0.9	0.9	-0.5444166666666668	0.9
chr1	27296395	0.9	0.9	0.9	-0.5534166666666667	0.9
chr7	4095372	0.9	0.9	0.9	-0.5618333333333333	0.9
chr22	39912870	0.9	0.9	0.9	-0.56	0.9
chr19	4064043	0.9	0.9	0.9	-0.5411666666666667	0.9
chr16	57133888	0.9	0.9	0.9	-0.5429166666666667	0.9
chr6	127813587	0.9	0.9	0.9	-0.5694999999999999	0.9
chr22	20551044	0.9	0.9	0.9	-0.5884166666666666	0.9
chr20	50844755	0.9	0.9	0.9	-0.5629583333333334	0.9
chr12	47211845	0.9	0.9	0.9	-0.58725	0.9
chr21	44293820	0.9	0.9	0.9	-0.6344166666666667	0.9
chr11	67405894	0.9	0.9	0.9	-0.569	0.9
chr2	187473011	0.9	0.9	0.9	-0.6094166666666667	0.9
chr11	66640018	0.9	0.9	0.9	-0.5440833333333334	0.9
chr1	235999883	0.9	0.9	0.9	-0.6560833333333334	0.9
chr5	55142198	0.9	0.9	0.9	-0.5790833333333334	0.9
chr1	66640958	0.9	0.9	0.9	-0.5419999999999999	0.9
chr2	187357650	0.9	0.9	0.9	-0.6195833333333334	0.9
chr12	10430693	0.9	0.9	0.9	-0.5630416666666667	0.9
chr1	40388067	0.9	0.9	0.9	-0.5399999999999999	0.9
chr6	73450758	0.9	0.9	0.9	-0.62025	0.9
chr19	55139772	0.9	0.9	0.9	-0.5681666666666667	0.9
chr8	143929920	0.9	0.9	0.9	-0.5529999999999999	0.9
chr16	56995127	0.9	0.9	0.9	-0.5766666666666667	0.9
chr12	47211870	0.9	0.9	0.9	-0.6423333333333333	0.9
chr12	31967758	0.9	0.9	0.9	-0.5995	0.9
chr2	131010550	0.9	0.9	0.9	-0.5475833333333334	0.9
chr12	56685650	0.9	0.9	0.9	-0.5722499999999999	0.9
chr11	122839076	0.9	0.9	0.9	-0.55625	0.9
chr16	29744592	0.9	0.9	0.9	-0.5830833333333334	0.9
chr11	122839823	0.9	0.9	0.9	-0.5449166666666666	0.9
chr11	67436123	0.9	0.9	0.9	-0.56475	0.9
chr9	4170704	0.9	0.9	0.9	-0.5679166666666666	0.9
chr22	42317396	0.9	0.9	0.9	-0.5394166666666667	0.9
chr17	64399538	0.9	0.9	0.9	-0.5413333333333334	0.9
chr3	31799526	0.9	0.9	0.9	-0.5808333333333333	0.9
chr16	57134098	0.9	0.9	0.9	-0.5399166666666666	0.9
chr22	39918297	0.9	0.9	0.9	-0.56375	0.9
chr3	7332816	0.9	0.9	0.9	-0.5585833333333334	0.9
chr7	18877016	0.9	0.9	0.9	-0.6798333333333333	0.9
chr6	29725756	0.9	0.9	0.9	-0.56325	0.9
chr19	41896458	0.9	0.9	0.9	-0.5900833333333333	0.9
chr9	408898	0.9	0.9	0.9	-0.540875	0.9
chr9	89479570	0.9	0.9	0.9	-0.5560833333333334	0.9
chr11	66316069	0.9	0.9	0.9	-0.5356666666666666	0.9
chr6	127813524	0.9	0.9	0.9	-0.588	0.9
chr2	86825929	0.9	0.9	0.9	-0.7244166666666667	0.9
chr12	4276228	0.9	0.9	0.9	-0.6410833333333334	0.9
chr2	86808946	0.9	0.9	0.9	-0.5389166666666667	0.9
chr2	86809272	0.9	0.9	0.9	-0.53775	0.9
chr22	20550968	0.9	0.9	0.9	-0.5783333333333334	0.9
chr20	31641482	0.9	0.9	0.9	-0.595	0.9
chr7	134992942	0.9	0.9	0.9	-0.5695833333333333	0.9
chr2	187432922	0.9	0.9	0.9	-0.58825	0.9
chr11	67406961	0.9	0.9	0.9	-0.59475	0.9
chr16	29810109	0.9	0.9	0.9	-0.5766666666666667	0.9
chr7	147415380	0.9	0.9	0.9	-0.5450833333333334	0.9
chr1	205320552	0.9	0.9	0.9	-0.5635833333333333	0.9
chr8	27309851	0.9	0.9	0.9	-0.5479166666666666	0.9
chr7	134992919	0.9	0.9	0.9	-0.5502499999999999	0.9
chr7	28581443	0.9	0.9	0.9	-0.649	0.9
chr4	40229547	0.9	0.9	0.9	-0.5580833333333333	0.9
chr8	86936521	0.9	0.9	0.9	-0.5634166666666667	0.9
chr1	42957392	0.9	0.9	0.9	-0.6168333333333333	0.9
chr22	39939800	0.9	0.9	0.9	-0.5354166666666667	0.9
chr8	87326208	0.9	0.9	0.9	-0.5445	0.9
chr1	40389103	0.9	0.9	0.9	-0.5527916666666667	0.9
chr22	18106421	0.9	0.9	0.9	-0.565375	0.9
chr4	17658104	0.9	0.9	0.9	-0.6186666666666667	0.9
chr15	29039625	0.9	0.9	0.9	-0.6467916666666667	0.9
chr1	40389174	0.9	0.9	0.9	-0.5722499999999999	0.9
chr11	118200982	0.9	0.9	0.9	-0.5955833333333334	0.9
chr17	64393167	0.9	0.9	0.9	-0.5588333333333333	0.9
chr2	86786116	0.9	0.9	0.9	-0.7179166666666666	0.9
chr14	57493634	0.9	0.9	0.9	-0.5364166666666667	0.9
chr1	24964206	0.9	0.9	0.9	-0.53925	0.9
chr22	39939377	0.9	0.9	0.9	-0.6265833333333334	0.9
chr10	14692621	0.9	0.9	0.9	-0.5582499999999999	0.9
chr3	191318703	0.9	0.9	0.9	-0.5576666666666668	0.9
chr17	80746382	0.9	0.9	0.9	-0.5706666666666667	0.9
chr12	122167375	0.9	0.9	0.9	-0.5464166666666668	0.9
chrX	104635247	0.9	0.9	0.9	-0.5475833333333333	0.9
chrX	20241859	0.9	0.9	0.9	-0.5467083333333334	0.9
chr2	160404400	0.9	0.9	0.9	-0.5835	0.9
chr2	241112978	0.9	0.9	0.9	-0.5365833333333333	0.9
chr17	7411966	0.9	0.9	0.9	-0.5345833333333333	0.9
chr17	37722904	0.9	0.9	0.9	-0.5394166666666667	0.9
chr17	65042592	0.9	0.9	0.9	-0.6664166666666667	0.9
chr12	103482672	0.9	0.9	0.9	-0.5772499999999999	0.9
chr3	120756234	-0.9943333333333332	0.9	0.9	0.9	0.9
chr6	152152316	-0.9930833333333332	0.9	0.9	0.9	0.9
chr14	67700916	-0.9916666666666668	0.9	0.9	0.9	0.9
chr6	45365289	-0.9925833333333334	0.9	0.9	0.9	0.9
chr3	196688239	-0.99125	0.9	0.9	0.9	0.9
chr1	40080133	-0.9906666666666668	0.9	0.9	0.9	0.9
chr6	15596374	-0.9898333333333332	0.9	0.9	0.9	0.9
chr7	127781286	-0.9885833333333334	0.9	0.9	0.9	0.9
chr17	51089032	-0.9908333333333332	0.9	0.9	0.9	0.9
chr3	183854433	-0.9893333333333334	0.9	0.9	0.9	0.9
chr12	100320112	-0.991	0.9	0.9	0.9	0.9
chr1	165671635	-0.9917083333333332	0.9	0.9	0.9	0.9
chr9	71744123	-0.98925	0.9	0.9	0.9	0.9
chr20	37701837	-0.9890833333333332	0.9	0.9	0.9	0.9
chr5	172887138	-0.9920833333333332	0.9	0.9	0.9	0.9
chr17	18297419	-0.99025	0.9	0.9	0.9	0.9
chr10	112715131	-0.9880416666666668	0.9	0.9	0.9	0.9
chr6	15596369	-0.98525	0.9	0.9	0.9	0.9
chr10	84392453	-0.993375	0.9	0.9	0.9	0.9
chr19	10805675	-0.986	0.9	0.9	0.9	0.9
chr10	74632058	-0.9836666666666666	0.9	0.9	0.9	0.9
chr16	3591052	-0.98325	0.9	0.9	0.9	0.9
chr13	21434809	-0.9835416666666668	0.9	0.9	0.9	0.9
chr16	21652570	-0.9856666666666668	0.9	0.9	0.9	0.9
chr2	26081789	-0.9853333333333332	0.9	0.9	0.9	0.9
chr2	165898591	-0.9873333333333332	0.9	0.9	0.9	0.9
chr3	196056086	-0.9825833333333334	0.9	0.9	0.9	0.9
chr1	246158486	-0.982875	0.9	0.9	0.9	0.9
chr18	3747472	-0.98375	0.9	0.9	0.9	0.9
chr12	923651	-0.9880833333333332	0.9	0.9	0.9	0.9
chr11	62816808	-0.9834583333333332	0.9	0.9	0.9	0.9
chr11	45960527	-0.9820833333333334	0.9	0.9	0.9	0.9
chr7	931493	-0.9815833333333334	0.9	0.9	0.9	0.9
chr6	106562187	-0.9829166666666668	0.9	0.9	0.9	0.9
chr11	62343990	-0.9819166666666668	0.9	0.9	0.9	0.9
chr12	26275433	-0.9825	0.9	0.9	0.9	0.9
chr3	114697651	-0.983	0.9	0.9	0.9	0.9
chr6	28917857	-0.9851666666666666	0.9	0.9	0.9	0.9
chr5	107893930	-0.9811666666666669	0.9	0.9	0.9	0.9
chr7	28083758	-0.981	0.9	0.9	0.9	0.9
chr1	212752514	-0.985875	0.9	0.9	0.9	0.9
chr7	100379539	-0.9820833333333332	0.9	0.9	0.9	0.9
chr7	6434018	-0.982	0.9	0.9	0.9	0.9
chr17	614999	-0.9849166666666668	0.9	0.9	0.9	0.9
chr19	19049627	-0.9822499999999998	0.9	0.9	0.9	0.9
chr4	7060657	-0.98	0.9	0.9	0.9	0.9
chr3	45629020	-0.98175	0.9	0.9	0.9	0.9
chr2	196985760	-0.9809166666666668	0.9	0.9	0.9	0.9
chr19	11093543	-0.982	0.9	0.9	0.9	0.9
chr16	11700419	-0.9795	0.9	0.9	0.9	0.9
chr4	7060659	-0.9802500000000002	0.9	0.9	0.9	0.9
chr10	35454057	-0.9808333333333332	0.9	0.9	0.9	0.9
chr1	155764194	-0.9840833333333332	0.9	0.9	0.9	0.9
chr3	151322610	-0.9864166666666668	0.9	0.9	0.9	0.9
chr10	74632050	-0.9819166666666664	0.9	0.9	0.9	0.9
chr4	38073799	-0.9809166666666664	0.9	0.9	0.9	0.9
chr10	71846196	-0.9814166666666668	0.9	0.9	0.9	0.9
chr12	48336372	-0.9789166666666668	0.9	0.9	0.9	0.9
chr6	118581888	-0.97925	0.9	0.9	0.9	0.9
chr5	169875583	-0.9805833333333333	0.9	0.9	0.9	0.9
chr17	17308522	-0.9816666666666668	0.9	0.9	0.9	0.9
chr6	18172086	-0.9855833333333334	0.9	0.9	0.9	0.9
chr11	35212883	-0.97975	0.9	0.9	0.9	0.9
chr19	49515794	-0.97975	0.9	0.9	0.9	0.9
chr13	50715521	-0.9790833333333332	0.9	0.9	0.9	0.9
chr17	40275623	-0.9785	0.9	0.9	0.9	0.9
chr10	68038863	-0.9788333333333334	0.9	0.9	0.9	0.9
chr12	31687672	-0.9785833333333334	0.9	0.9	0.9	0.9
chr14	89499179	-0.9795833333333334	0.9	0.9	0.9	0.9
chr19	40363935	-0.9781666666666666	0.9	0.9	0.9	0.9
chr17	68313633	-0.9910833333333332	0.9	0.9	0.9	0.9
chr16	4623701	-0.9805833333333334	0.9	0.9	0.9	0.9
chr6	11350626	-0.98	0.9	0.9	0.9	0.9
chr11	9162267	-0.9810833333333334	0.9	0.9	0.9	0.9
chr3	130997457	-0.9803333333333334	0.9	0.9	0.9	0.9
chr2	62015560	-0.9790000000000001	0.9	0.9	0.9	0.9
chr1	180402545	-0.97875	0.9	0.9	0.9	0.9
chr1	150613162	-0.9812916666666668	0.9	0.9	0.9	0.9
chr20	5146113	-0.9775833333333332	0.9	0.9	0.9	0.9
chr13	50715559	-0.9800833333333334	0.9	0.9	0.9	0.9
chr12	64750021	-0.9791666666666666	0.9	0.9	0.9	0.9
chr1	220882447	-0.9798333333333332	0.9	0.9	0.9	0.9
chr17	42206380	-0.9778333333333332	0.9	0.9	0.9	0.9
chr12	131985311	-0.9789166666666664	0.9	0.9	0.9	0.9
chr6	99559253	-0.9778333333333332	0.9	0.9	0.9	0.9
chr17	61130520	-0.9815	0.9	0.9	0.9	0.9
chr12	123941674	-0.9805	0.9	0.9	0.9	0.9
chr17	31372601	-0.98	0.9	0.9	0.9	0.9
chr17	614743	-0.98225	0.9	0.9	0.9	0.9
chr8	124715133	-0.9775	0.9	0.9	0.9	0.9
chr8	29067672	-0.9803333333333332	0.9	0.9	0.9	0.9
chr7	18647821	-0.9815833333333333	0.9	0.9	0.9	0.9
chr1	28159773	-0.9808333333333332	0.9	0.9	0.9	0.9
chr16	1938447	-0.97675	0.9	0.9	0.9	0.9
chr9	134371865	-0.9773333333333332	0.9	0.9	0.9	0.9
chr1	181061691	-0.9793333333333334	0.9	0.9	0.9	0.9
chr3	48528334	-0.9778333333333336	0.9	0.9	0.9	0.9
chr10	103284293	-0.9789166666666668	0.9	0.9	0.9	0.9
chr15	79898963	-0.9776666666666668	0.9	0.9	0.9	0.9
chr20	6008305	-0.9825	0.9	0.9	0.9	0.9
chr8	141138079	-0.9786666666666668	0.9	0.9	0.9	0.9
chr10	97374695	-0.9770833333333334	0.9	0.9	0.9	0.9
chr3	43695595	-0.9820416666666668	0.9	0.9	0.9	0.9
chr12	14976910	-0.9781666666666666	0.9	0.9	0.9	0.9
chr19	5947481	-0.98275	0.9	0.9	0.9	0.9
chr1	46587287	-0.98025	0.9	0.9	0.9	0.9
chr12	123941679	-0.9795	0.9	0.9	0.9	0.9
chr1	154433658	-0.9775	0.9	0.9	0.9	0.9
chr14	89357843	-0.9849166666666668	0.9	0.9	0.9	0.9
chr14	31409897	-0.9784166666666668	0.9	0.9	0.9	0.9
chr3	45622010	-0.9794166666666666	0.9	0.9	0.9	0.9
chr1	97905726	-0.9800833333333332	0.9	0.9	0.9	0.9
chr2	23768361	-0.9775833333333334	0.9	0.9	0.9	0.9
chr9	128227302	-0.9770833333333334	0.9	0.9	0.9	0.9
chr7	74775756	-0.979125	0.9	0.9	0.9	0.9
chr5	172887159	-0.9756666666666668	0.9	0.9	0.9	0.9
chr5	14491745	-0.9805	0.9	0.9	0.9	0.9
chr19	2092688	-0.9783333333333334	0.9	0.9	0.9	0.9
chr6	149766668	-0.9785	0.9	0.9	0.9	0.9
chr14	55127298	-0.9780833333333332	0.9	0.9	0.9	0.9
chr22	38550398	-0.9804166666666666	0.9	0.9	0.9	0.9
chr20	32228367	-0.9779166666666668	0.9	0.9	0.9	0.9
chr17	42023874	-0.97825	0.9	0.9	0.9	0.9
chr13	46353010	-0.982	0.9	0.9	0.9	0.9
chr4	83570534	-0.9755	0.9	0.9	0.9	0.9
chr1	180858154	-0.9809166666666668	0.9	0.9	0.9	0.9
chr2	69927401	-0.97575	0.9	0.9	0.9	0.9
chr9	124970843	-0.9754166666666668	0.9	0.9	0.9	0.9
chr17	77100108	-0.9775	0.9	0.9	0.9	0.9
chr17	615244	-0.9791666666666669	0.9	0.9	0.9	0.9
chr2	64742861	-0.9761666666666666	0.9	0.9	0.9	0.9
chr17	77100093	-0.9763333333333334	0.9	0.9	0.9	0.9
chr3	188702355	-0.9801666666666669	0.9	0.9	0.9	0.9
chr14	68599358	-0.9805	0.9	0.9	0.9	0.9
chr21	34513336	-0.9801666666666669	0.9	0.9	0.9	0.9
chr8	66787625	-0.9776666666666666	0.9	0.9	0.9	0.9
chr3	45622039	-0.9794583333333334	0.9	0.9	0.9	0.9
chr11	74022779	-0.97825	0.9	0.9	0.9	0.9
chr2	46974699	-0.9793333333333332	0.9	0.9	0.9	0.9
chr3	151319065	-0.9770833333333332	0.9	0.9	0.9	0.9
chr6	16728323	-0.9756666666666668	0.9	0.9	0.9	0.9
chr6	5525350	-0.9754166666666666	0.9	0.9	0.9	0.9
chr6	5658203	-0.9814166666666666	0.9	0.9	0.9	0.9
chr19	8484395	-0.98125	0.9	0.9	0.9	0.9
chr2	48346338	-0.9746666666666666	0.9	0.9	0.9	0.9
chr8	141138125	-0.9749166666666664	0.9	0.9	0.9	0.9
chr8	27337621	-0.9770833333333332	0.9	0.9	0.9	0.9
chr11	18278085	-0.9804166666666668	0.9	0.9	0.9	0.9
chr17	690029	-0.97475	0.9	0.9	0.9	0.9
chr8	47384376	-0.9746666666666666	0.9	0.9	0.9	0.9
chr17	44043686	-0.9773333333333334	0.9	0.9	0.9	0.9
chr1	39310247	-0.97475	0.9	0.9	0.9	0.9
chr17	68313780	-0.9749166666666668	0.9	0.9	0.9	0.9
chr17	31373939	-0.9821666666666669	0.9	0.9	0.9	0.9
chr1	43813053	-0.977375	0.9	0.9	0.9	0.9
chr3	48528365	-0.9805833333333334	0.9	0.9	0.9	0.9
chr12	124382000	-0.9756666666666668	0.9	0.9	0.9	0.9
chr17	64112345	-0.9759166666666668	0.9	0.9	0.9	0.9
chr2	127705366	-0.9746666666666666	0.9	0.9	0.9	0.9
chr11	74018815	-0.9750833333333334	0.9	0.9	0.9	0.9
chr19	49515776	-0.9746666666666668	0.9	0.9	0.9	0.9
chr7	75954051	-0.9741666666666668	0.9	0.9	0.9	0.9
chr15	85005867	-0.9751666666666664	0.9	0.9	0.9	0.9
chr13	32000712	-0.9763333333333334	0.9	0.9	0.9	0.9
chr2	69704506	-0.9751666666666668	0.9	0.9	0.9	0.9
chr17	77100119	-0.9766666666666668	0.9	0.9	0.9	0.9
chr12	71649655	-0.9748333333333334	0.9	0.9	0.9	0.9
chr5	133468857	-0.9874166666666668	0.9	0.9	0.9	0.9
chr9	113188258	-0.975	0.9	0.9	0.9	0.9
chr5	14587222	-0.9774166666666668	0.9	0.9	0.9	0.9
chr8	27400180	-0.9745	0.9	0.9	0.9	0.9
chr13	50715512	-0.9781666666666669	0.9	0.9	0.9	0.9
chr10	124680702	-0.97375	0.9	0.9	0.9	0.9
chr5	14587287	-0.9763333333333334	0.9	0.9	0.9	0.9
chr17	66431616	-0.974	0.9	0.9	0.9	0.9
chr22	46602197	-0.975	0.9	0.9	0.9	0.9
chr8	125230472	-0.9865	0.9	0.9	0.9	0.9
chr14	75283000	-0.9725	0.9	0.9	0.9	0.9
chr3	45635853	-0.9734166666666668	0.9	0.9	0.9	0.9
chr12	118361982	-0.9773333333333334	0.9	0.9	0.9	0.9
chr17	42367195	-0.9810833333333332	0.9	0.9	0.9	0.9
chr3	4828373	-0.97725	0.9	0.9	0.9	0.9
chr2	135953121	-0.9790833333333332	0.9	0.9	0.9	0.9
chr2	111699835	-0.97575	0.9	0.9	0.9	0.9
chr14	59337526	-0.973	0.9	0.9	0.9	0.9
chr10	103110073	-0.9765833333333334	0.9	0.9	0.9	0.9
chr5	149865976	-0.9723333333333334	0.9	0.9	0.9	0.9
chr6	110739233	-0.974	0.9	0.9	0.9	0.9
chr6	36484808	-0.974	0.9	0.9	0.9	0.9
chr12	96027974	-0.9728333333333334	0.9	0.9	0.9	0.9
chr8	42957867	-0.9730833333333334	0.9	0.9	0.9	0.9
chr1	77476633	-0.97225	0.9	0.9	0.9	0.9
chr6	138410521	-0.9861666666666666	0.9	0.9	0.9	0.9
chr15	40022362	-0.989125	0.9	0.9	0.9	0.9
chr2	197531413	-0.9749166666666664	0.9	0.9	0.9	0.9
chr12	64749666	-0.9761666666666666	0.9	0.9	0.9	0.9
chr16	56965030	-0.9738333333333332	0.9	0.9	0.9	0.9
chr17	30954057	-0.9723333333333334	0.9	0.9	0.9	0.9
chr22	17697473	-0.9721666666666666	0.9	0.9	0.9	0.9
chr5	172887209	-0.9752916666666668	0.9	0.9	0.9	0.9
chr2	144191380	-0.9735833333333332	0.9	0.9	0.9	0.9
chr15	78300358	-0.9736666666666668	0.9	0.9	0.9	0.9
chr1	6056333	-0.9745	0.9	0.9	0.9	0.9
chr13	50715488	-0.9823333333333332	0.9	0.9	0.9	0.9
chr1	1764416	-0.9751666666666668	0.9	0.9	0.9	0.9
chr1	180397363	-0.9745833333333334	0.9	0.9	0.9	0.9
chr17	9562367	0.9	0.9	0.9	0.9	-0.9740833333333334
chr7	158732674	0.9	0.9	0.9	0.9	-0.9688333333333332
chr10	75176095	0.9	0.9	0.9	0.9	-0.9623333333333334
chrX	63676014	0.9	0.9	0.9	0.9	-0.9588333333333332
chr17	9562361	0.9	0.9	0.9	0.9	-0.9671666666666668
chr3	15731382	0.9	0.9	0.9	0.9	-0.9445
chr12	10312258	0.9	0.9	0.9	0.9	-0.94725
chr13	114070914	0.9	0.9	0.9	0.9	-0.9568333333333332
chr19	50003545	0.9	0.9	0.9	0.9	-0.94675
chrX	68305246	0.9	0.9	0.9	0.9	-0.9491666666666668
chr19	50003538	0.9	0.9	0.9	0.9	-0.9399166666666668
chr13	27573609	0.9	0.9	0.9	0.9	-0.9414166666666668
chr2	119928840	0.9	0.9	0.9	0.9	-0.9559166666666667
chr13	114070889	0.9	0.9	0.9	0.9	-0.9429166666666668
chr1	1222244	0.9	0.9	0.9	0.9	-0.9423333333333334
chr17	9562359	0.9	0.9	0.9	0.9	-0.9588333333333332
chr6	157086915	0.9	0.9	0.9	0.9	-0.9398333333333332
chr6	157086907	0.9	0.9	0.9	0.9	-0.93825
chr11	14328132	0.9	0.9	0.9	0.9	-0.9368333333333334
chr5	80784747	0.9	0.9	0.9	0.9	-0.9593333333333334
chr1	1222249	0.9	0.9	0.9	0.9	-0.9387083333333331
chr16	14496131	0.9	0.9	0.9	0.9	-0.9410833333333332
chr6	41960497	0.9	0.9	0.9	0.9	-0.961
chr2	24621980	0.9	0.9	0.9	0.9	-0.9438333333333332
chr11	14328094	0.9	0.9	0.9	0.9	-0.9319166666666668
chr17	76146328	0.9	0.9	0.9	0.9	-0.9341666666666666
chr11	128801068	0.9	0.9	0.9	0.9	-0.9325
chr6	15505640	0.9	0.9	0.9	0.9	-0.93325
chr17	47739747	0.9	0.9	0.9	0.9	-0.93875
chr13	114070883	0.9	0.9	0.9	0.9	-0.9300000000000002
chr10	75176139	0.9	0.9	0.9	0.9	-0.95175
chr19	54907392	0.9	0.9	0.9	0.9	-0.9390833333333334
chr17	9562391	0.9	0.9	0.9	0.9	-0.9449166666666666
chr8	102114699	0.9	0.9	0.9	0.9	-0.929375
chr19	50003510	0.9	0.9	0.9	0.9	-0.9268333333333334
chr3	11610074	0.9	0.9	0.9	0.9	-0.9396666666666668
chr3	47118620	0.9	0.9	0.9	0.9	-0.9381666666666666
chr15	94249570	0.9	0.9	0.9	0.9	-0.9224166666666668
chr10	7190055	0.9	0.9	0.9	0.9	-0.9328333333333334
chr10	7233347	0.9	0.9	0.9	0.9	-0.9344166666666666
chr6	161259404	0.9	0.9	0.9	0.9	-0.9229999999999999
chr11	128749418	0.9	0.9	0.9	0.9	-0.9293333333333332
chr15	94249547	0.9	0.9	0.9	0.9	-0.9215
chr1	12423060	0.9	0.9	0.9	0.9	-0.9279999999999999
chrX	153474373	0.9	0.9	0.9	0.9	-0.93775
chr6	15505666	0.9	0.9	0.9	0.9	-0.9360833333333334
chr14	89294413	0.9	0.9	0.9	0.9	-0.925
chr2	60775422	0.9	0.9	0.9	0.9	-0.9480833333333334
chr6	157086911	0.9	0.9	0.9	0.9	-0.92325
chr6	37826581	0.9	0.9	0.9	0.9	-0.92125
chr15	94249585	0.9	0.9	0.9	0.9	-0.9218333333333332
chr3	15731763	0.9	0.9	0.9	0.9	-0.9196666666666669
chr1	64927733	0.9	0.9	0.9	0.9	-0.9210833333333334
chr14	56211081	0.9	0.9	0.9	0.9	-0.9225
chr6	161259430	0.9	0.9	0.9	0.9	-0.9345
chr8	29090325	0.9	0.9	0.9	0.9	-0.921125
chr15	58598145	0.9	0.9	0.9	0.9	-0.9175416666666668
chr17	9562498	0.9	0.9	0.9	0.9	-0.9358333333333332
chr12	10312578	0.9	0.9	0.9	0.9	-0.9309166666666668
chr2	119933081	0.9	0.9	0.9	0.9	-0.92625
chrX	153474396	0.9	0.9	0.9	0.9	-0.9290833333333334
chr17	76146332	0.9	0.9	0.9	0.9	-0.9229999999999999
chr12	25518854	0.9	0.9	0.9	0.9	-0.9150833333333332
chr2	134173608	0.9	0.9	0.9	0.9	-0.92975
chr13	114070880	0.9	0.9	0.9	0.9	-0.9285
chrX	68305239	0.9	0.9	0.9	0.9	-0.9181666666666668
chr12	10312802	0.9	0.9	0.9	0.9	-0.93075
chr1	1222609	0.9	0.9	0.9	0.9	-0.9135416666666668
chr20	51505861	0.9	0.9	0.9	0.9	-0.9156666666666666
chr17	9562353	0.9	0.9	0.9	0.9	-0.9180833333333334
chr1	17429502	0.9	0.9	0.9	0.9	-0.9220833333333334
chr10	7190057	0.9	0.9	0.9	0.9	-0.91475
chr14	99464244	0.9	0.9	0.9	0.9	-0.9179999999999999
chr10	124642306	0.9	0.9	0.9	0.9	-0.91475
chr6	73036417	0.9	0.9	0.9	0.9	-0.93375
chr10	125063467	0.9	0.9	0.9	0.9	-0.9131666666666666
chr6	35376997	0.9	0.9	0.9	0.9	-0.9100833333333334
chr14	92601364	0.9	0.9	0.9	0.9	-0.9139166666666666
chr3	142129130	0.9	0.9	0.9	0.9	-0.9140833333333334
chr6	15505628	0.9	0.9	0.9	0.9	-0.9098333333333332
chr12	101791745	0.9	0.9	0.9	0.9	-0.9177916666666668
chr8	47352828	0.9	0.9	0.9	0.9	-0.9128333333333334
chr4	83104994	0.9	0.9	0.9	0.9	-0.9180833333333334
chr13	114070847	0.9	0.9	0.9	0.9	-0.9100833333333334
chr14	99464093	0.9	0.9	0.9	0.9	-0.9126666666666668
chr3	15731741	0.9	0.9	0.9	0.9	-0.9113333333333332
chr2	119928803	0.9	0.9	0.9	0.9	-0.91
chr6	157086890	0.9	0.9	0.9	0.9	-0.91725
chr10	7243128	0.9	0.9	0.9	0.9	-0.9211666666666668
chr19	50003490	0.9	0.9	0.9	0.9	-0.9150833333333336
chr10	125151788	0.9	0.9	0.9	0.9	-0.9127500000000002
chr12	128814919	0.9	0.9	0.9	0.9	-0.9114166666666668
chr3	141515855	0.9	0.9	0.9	0.9	-0.9185833333333332
chr7	66790563	0.9	0.9	0.9	0.9	-0.9224166666666666
chr3	143281052	0.9	0.9	0.9	0.9	-0.9190833333333334
chr8	124686698	0.9	0.9	0.9	0.9	-0.912
chr21	46253010	0.9	0.9	0.9	0.9	-0.9160833333333332
chr6	161242502	0.9	0.9	0.9	0.9	-0.9285
chr11	128801071	0.9	0.9	0.9	0.9	-0.91475
chr19	3799937	0.9	0.9	0.9	0.9	-0.9120833333333332
chr8	102114602	0.9	0.9	0.9	0.9	-0.912
chr8	122800146	0.9	0.9	0.9	0.9	-0.9153333333333332
chr3	125118752	0.9	0.9	0.9	0.9	-0.9180833333333334
chr17	47739890	0.9	0.9	0.9	0.9	-0.9098333333333332
chr17	47739677	0.9	0.9	0.9	0.9	-0.9176666666666669
chr8	124686692	0.9	0.9	0.9	0.9	-0.9063333333333332
chr1	167486933	0.9	0.9	0.9	0.9	-0.9076666666666666
chr1	206693742	0.9	0.9	0.9	0.9	-0.9205833333333332
chr14	105395633	0.9	0.9	0.9	0.9	-0.9096666666666668
chr12	123751277	0.9	0.9	0.9	0.9	-0.92325
chr7	139874383	0.9	0.9	0.9	0.9	-0.9091666666666668
chr10	92323154	0.9	0.9	0.9	0.9	-0.9195
chr3	11610076	0.9	0.9	0.9	0.9	-0.9223333333333332
chr1	64891235	0.9	0.9	0.9	0.9	-0.92625
chr2	53995703	0.9	0.9	0.9	0.9	-0.9113333333333334
chr17	67242185	0.9	0.9	0.9	0.9	-0.9136666666666666
chr10	7190069	0.9	0.9	0.9	0.9	-0.9175833333333332
chr17	47740006	0.9	0.9	0.9	0.9	-0.9069166666666666
chr3	188365392	0.9	0.9	0.9	0.9	-0.9083333333333334
chr8	47352833	0.9	0.9	0.9	0.9	-0.9121666666666668
chr20	63867330	0.9	0.9	0.9	0.9	-0.9185833333333332
chr12	10312534	0.9	0.9	0.9	0.9	-0.9095
chr8	37879796	0.9	0.9	0.9	0.9	-0.9028333333333334
chr20	51505863	0.9	0.9	0.9	0.9	-0.9133333333333332
chr12	10291733	0.9	0.9	0.9	0.9	-0.9055
chr4	95162438	0.9	0.9	0.9	0.9	-0.9195
chr12	123751041	0.9	0.9	0.9	0.9	-0.9153333333333332
chr18	48933709	0.9	0.9	0.9	0.9	-0.9081666666666666
chr14	92601338	0.9	0.9	0.9	0.9	-0.907
chr13	95791316	0.9	0.9	0.9	0.9	-0.9085833333333332
chr6	37826523	0.9	0.9	0.9	0.9	-0.90675
chr17	76146283	0.9	0.9	0.9	0.9	-0.9156666666666666
chr17	47700047	0.9	0.9	0.9	0.9	-0.9075
chr1	15065872	0.9	0.9	0.9	0.9	-0.90475
chr17	44434665	0.9	0.9	0.9	0.9	-0.9075
chr1	1222160	0.9	0.9	0.9	0.9	-0.92125
chr7	1042109	0.9	0.9	0.9	0.9	-0.90175
chr13	114070749	0.9	0.9	0.9	0.9	-0.9082083333333334
chr12	128814916	0.9	0.9	0.9	0.9	-0.9018333333333334
chr1	70907643	0.9	0.9	0.9	0.9	-0.9054166666666668
chr3	11610057	0.9	0.9	0.9	0.9	-0.9055
chr12	123751205	0.9	0.9	0.9	0.9	-0.9141666666666666
chr16	14496162	0.9	0.9	0.9	0.9	-0.90325
chr7	77565061	0.9	0.9	0.9	0.9	-0.9000833333333333
chr16	11558946	0.9	0.9	0.9	0.9	-0.90975
chr2	98628635	0.9	0.9	0.9	0.9	-0.9023333333333332
chr4	128817109	0.9	0.9	0.9	0.9	-0.91775
chr19	19453698	0.9	0.9	0.9	0.9	-0.92925
chr9	81622149	0.9	0.9	0.9	0.9	-0.9044166666666666
chr2	65352120	0.9	0.9	0.9	0.9	-0.9015
chr12	10312569	0.9	0.9	0.9	0.9	-0.8993333333333332
chr12	128814935	0.9	0.9	0.9	0.9	-0.8993333333333333
chr19	50003486	0.9	0.9	0.9	0.9	-0.90725
chr2	65352153	0.9	0.9	0.9	0.9	-0.9005
chr12	123751236	0.9	0.9	0.9	0.9	-0.9179166666666666
chr3	125118728	0.9	0.9	0.9	0.9	-0.9204166666666668
chr1	12460233	0.9	0.9	0.9	0.9	-0.9007500000000002
chr1	12103128	0.9	0.9	0.9	0.9	-0.91875
chr5	68231890	0.9	0.9	0.9	0.9	-0.9138333333333332
chr3	143280841	0.9	0.9	0.9	0.9	-0.9023333333333334
chr16	259031	0.9	0.9	0.9	0.9	-0.9055833333333334
chr9	120461923	0.9	0.9	0.9	0.9	-0.9046666666666666
chr16	68060936	0.9	0.9	0.9	0.9	-0.9129166666666666
chr11	14328092	0.9	0.9	0.9	0.9	-0.8978333333333333
chr12	124424356	0.9	0.9	0.9	0.9	-0.9000833333333333
chr10	7190066	0.9	0.9	0.9	0.9	-0.9048333333333334
chr2	65352157	0.9	0.9	0.9	0.9	-0.8969999999999998
chr11	114066872	0.9	0.9	0.9	0.9	-0.8985
chr12	10312672	0.9	0.9	0.9	0.9	-0.9026666666666666
chr7	66790566	0.9	0.9	0.9	0.9	-0.9120833333333332
chr16	88653813	0.9	0.9	0.9	0.9	-0.89875
chr4	48114347	0.9	0.9	0.9	0.9	-0.9025833333333334
chr7	66790636	0.9	0.9	0.9	0.9	-0.902
chr12	10312567	0.9	0.9	0.9	0.9	-0.8976666666666666
chr17	2820347	0.9	0.9	0.9	0.9	-0.8958333333333334
chr7	36513533	0.9	0.9	0.9	0.9	-0.8959166666666667
chr13	46726382	0.9	0.9	0.9	0.9	-0.9080833333333336
chr22	20580223	0.9	0.9	0.9	0.9	-0.9196666666666669
chr20	5997244	0.9	0.9	0.9	0.9	-0.9085
chr1	64875743	0.9	0.9	0.9	0.9	-0.9020833333333332
chr3	46925269	0.9	0.9	0.9	0.9	-0.9039166666666666
chr16	69455509	0.9	0.9	0.9	0.9	-0.9280000000000002
chr2	117932203	0.9	0.9	0.9	0.9	-0.902
chr17	61286620	0.9	0.9	0.9	0.9	-0.9130416666666668
chr7	139874394	0.9	0.9	0.9	0.9	-0.9029166666666668
chr19	54916853	0.9	0.9	0.9	0.9	-0.9109166666666666
chr9	7121136	0.9	0.9	0.9	0.9	-0.9006666666666667
chr15	94267160	0.9	0.9	0.9	0.9	-0.9094166666666664
chr13	114070978	0.9	0.9	0.9	0.9	-0.907875
chr10	110013262	0.9	0.9	0.9	0.9	-0.8973333333333333
chr8	47352850	0.9	0.9	0.9	0.9	-0.9045833333333332
chr12	124424353	0.9	0.9	0.9	0.9	-0.902
chr4	48114332	0.9	0.9	0.9	0.9	-0.8999166666666666
chr10	125151793	0.9	0.9	0.9	0.9	-0.9026666666666668
chr8	37788376	0.9	0.9	0.9	0.9	-0.8981666666666666
chr12	9604577	0.9	0.9	0.9	0.9	-0.9050833333333336
chr10	21851521	0.9	0.9	0.9	0.9	-0.902375
chr19	54907396	0.9	0.9	0.9	0.9	-0.9129999999999999
chr14	105395992	0.9	0.9	0.9	0.9	-0.8938333333333334
chr17	76146296	0.9	0.9	0.9	0.9	-0.9110833333333334
chr3	172655560	0.9	0.9	0.9	0.9	-0.9013333333333332
chr13	114070994	0.9	0.9	0.9	0.9	-0.8953333333333333
chr6	11202985	0.9	0.9	0.9	0.9	-0.8979999999999999
chrX	86014755	0.9	0.9	0.9	0.9	-0.9120833333333334
chr4	3174770	0.9	0.9	0.9	0.9	-0.8939166666666667
chr9	75104748	0.9	0.9	0.9	0.9	-0.90675
chr6	159980072	0.9	0.9	0.9	0.9	-0.8959999999999999
chr11	128801171	0.9	0.9	0.9	0.9	-0.8985000000000001
chr6	157172262	0.9	0.9	0.9	0.9	-0.8935833333333334
chr13	114070896	0.9	0.9	0.9	0.9	-0.901
chr6	90560217	0.9	0.9	0.9	0.9	-0.90125
chr16	14496212	0.9	0.9	0.9	0.9	-0.897
chr10	132702977	0.9	0.9	0.9	0.9	-0.8954166666666666
