chrom	start	end	Tregs-others	NaiveCD4-others
chr1	685875	685877	-0.20799999999999996	0.20799999999999996
chr1	685999	686001	-0.04300000000000004	0.04300000000000004
chr1	686388	686390	0.04166666666666663	-0.04166666666666663
chr1	687193	687195	-0.15383333333333327	0.15383333333333327
chr1	687328	687330	-0.347	0.347
chr1	922981	922983	-0.023833333333333262	0.023833333333333262
chr1	922991	922993	-0.05600000000000005	0.05600000000000005
chr1	923025	923027	-0.125	0.125
chr1	923048	923050	0.03216666666666668	-0.03216666666666668
