Mixture	NaiveCD4	NaiveCD8	nB	NK	PC	Mono	M0	M1	M2	iDC	mDC	PMN	cm8	em8	Eo	Tregs	em4	ed8	Mg	cm4	Er	mB	CD8TIL
Y-3674-cfDNA	69.72415605478572	41.19538359919714	125.98521844618764	179.92814737457647	0	262.40543721044855	70.32421937487496	175.85309160557242	138.6177079338528	84.64016509582501	88.53466208825823	1482.6918174320347	89.15314124934574	100.80911915566223	1038.8902357683476	45.4193080528472	147.44860133152517	224.8645070758275	283.7077075315999	59.80787170847434	256.01773308294344	164.21599969536965	10.979527777777779
Y-3685-cfDNA	108.577934871331	89.71413510724027	207.3058731736978	308.4856430477498	0	391.0704166395892	127.89468227038816	321.3715527573378	276.7652147774568	144.14585859635034	138.05847203156304	1821.0551657057972	139.87132733451256	180.80042979344262	1810.8421352783373	96.9601171845208	217.7079513763747	406.37419195194536	554.2294838012186	97.25172041152432	510.3741240553936	302.28398945062355	11.491824999999997
Y-3688-cfDNA	139.54884286638264	97.94800415175786	242.47772101055168	297.5208782810998	0	376.91013234397315	158.84678199221884	427.41317373333163	309.2417169750933	148.12739238127534	159.98084617438764	1028.1255018639756	185.3013171047313	280.64082763523544	1792.1197335380314	124.049654072853	389.7460697110562	411.5340368395522	679.3760185765935	149.66938535331343	586.2303875038392	369.9656113136391	4.274583333333333
Y-3694-cfDNA	127.774600044497	86.23779384086944	255.5593789098198	361.74284886212087	0	646.5515817741765	171.1606067413606	377.17372873594485	342.96692362563425	171.92927146616853	182.3587768104278	1364.1101091383835	170.52611161181375	221.86126010184395	1882.7881190841836	95.61751659232151	266.082517311864	425.1447173650073	580.3440310992064	132.7125319370712	472.4380544332427	340.0641820763482	9.409250000000002
Y-3703-cfDNA	97.60777056046356	51.60331236671541	146.84944846866014	217.3490656295534	0	268.10324496379695	95.64294141902806	244.5031219351319	231.10424535324236	89.23499766466328	114.8523555736947	997.7320532567427	128.51542477981127	182.07617365039366	1225.3724429734325	74.13223412729116	224.62800537306632	313.08633660932384	415.910435297521	95.94792462890733	451.39372051082813	237.8299307829752	8.027000000000001
Y-3706-cfDNA	139.01929242855797	65.09841535634335	251.35889925596146	273.3397021724779	0	528.3204066270164	128.8132156008461	380.44561847370323	302.1223538702902	168.56612740407368	164.12168652848138	1591.1571555669104	216.7252990888237	266.7923873618806	1745.6094175358999	120.4178945012994	312.9875714441962	473.81078431160074	642.5937138207669	138.77247335010398	540.0818360988229	344.53466537975527	9.895748611111111
Y-3707-cfDNA	48.23408456417288	22.391011212561946	75.40270590320029	103.95247385531826	0	130.15056036587907	36.08973746927809	114.16985225457418	91.43595957168867	44.84626115982615	57.20335715906545	658.1456449146928	41.08018800622207	59.91377132877095	471.13917689751236	28.95763498599685	56.245685219125825	111.21594612305276	222.97648198622903	34.321942262435996	179.40611935693897	94.34127177632801	2.3671666666666664
Y-3711-cfDNA	889.637146837403	681.3335125149028	1297.045885808367	1998.519221929736	0	2183.730573408978	653.1451216729223	1726.315659077189	1636.9757116327035	696.5332019882346	788.0011144467662	7545.356398405307	1450.2152312938597	2035.4540953126032	9506.472695487268	799.3784913409584	2315.5848749462098	3336.121157207011	2792.0008053723045	1091.7247705413322	2268.8368655949207	2001.4605382849277	82.17461111111112
Y-3715-cfDNA	61.520039864698546	49.56354668634915	121.84925978509416	166.53630985968474	0	239.4955083538137	65.68346203329445	191.32835118371446	163.98246953734343	81.04007615580298	83.2126347041217	1116.710109570575	88.00582729306446	101.11734281308814	1066.2061784499565	55.41957189965478	127.82498951713698	188.27904219523717	289.84596625101125	71.09989226854631	289.7677133336582	172.9476230143202	10.16838888888889
Y-3720-cfDNA	693.5820036719056	460.12227127536323	1100.725162479563	1217.9427020965595	0	1806.2761434831723	514.1777893466369	1413.7041934716447	1165.6508354026357	550.1323830440987	629.9000874346684	6304.585085640741	1162.576381350301	1391.0558598518296	6448.818998828851	655.9851573521267	1825.5784256032193	2149.5700272963923	2513.4806689196585	867.038752070989	1987.2405457466657	1772.262353884333	48.11259722222221
Y-3735-cfDNA	110.98026560607151	64.4861984212045	217.5428327946002	297.6133552025257	0	402.1772611289569	138.20663965565248	379.6325885214655	278.50912386965734	158.46292380614494	120.50559250167814	1518.3257107389977	144.36742804697454	154.26436893342049	1667.6188324748207	88.80032143448305	212.00987599323452	341.3165773340146	773.7602102370896	103.00355172634585	728.4087622793066	335.16800473576194	9.93475
Y-3737-cfDNA	437.16227494641697	297.56580610117965	888.6711092781104	963.899718326299	0	1756.7886037742237	509.705471429138	1337.2349720235034	1084.2664425776006	614.3361649263994	498.8893413663556	11224.307577041547	655.9683892846576	850.0084214433089	7730.294865193494	392.5103509953076	1063.024007539244	1298.8858826844514	2008.667064610301	511.89872589673416	1758.44098289293	1150.6527615261284	49.962258333333324
Y-3814-cfDNA	65.69997123331973	40.660179864980826	114.85762821865816	151.01218826549197	0	309.5548619767308	79.215392431278	208.52376324849618	178.09272909692348	90.82147776432805	103.17040677044503	1002.5489478080667	87.59867731599027	136.699907485632	1112.3481803483971	63.30604658564693	158.49492222672933	262.4232503501825	324.655615520336	72.18647086630183	315.4791899377202	179.84790082537745	9.414888888888889
Y-3824-cfDNA	719.222930601141	480.5886510979775	1288.1415644174886	1783.087877793006	0	2290.116992328615	688.4443714915686	2123.227571901024	1608.0045383544796	796.6153776798601	742.2719549105227	6610.717671679312	1038.8830465256456	1316.0822051854632	10687.874907047377	622.1016542265533	1513.4061712369994	2449.189888276999	4546.343172022924	743.0852067781593	4286.252852244836	1698.8596682675302	77.83762500000002
Y-3879-cfDNA	61.441359122663506	47.343771765107185	136.74497644168682	192.48404508925344	0	226.1583550592864	73.7734050023055	199.7281266669794	170.34686954100493	82.92120814796763	88.51053287279422	1079.8894911320963	97.19177658758531	100.78733089958864	1009.4181463617764	53.390341249733765	139.88448726027914	207.145734748368	355.91706465223336	63.581513176254944	337.21855899249863	170.23474130576736	6.755138888888888
Y-3880-cfDNA	37.47704219907783	27.794708257132978	93.21634113588343	109.6438101100797	0	146.78438301656206	44.780083773633784	96.78645420125686	94.71638650951927	53.31495265478736	64.83275433816915	676.8733411374601	60.56855905766392	86.84269339007612	561.2041868520514	45.45853379889948	96.51003190964713	142.29648961881	194.5657907570348	48.90494062530339	171.09257228869734	119.71607181281344	1.1372083333333334
Y-3893-cfDNA	96.91422488968718	52.45452351017975	157.12919321434975	197.88415777818386	0	294.1684495389973	77.22443037900102	231.26708680249473	213.65778338225613	106.40115035269488	78.15563824472923	817.6856150595852	129.25403053935858	157.4462899844891	1286.500903823832	72.71022062200215	218.92613771056315	267.5989892623949	356.02842107216424	114.15104571752711	329.0119099064752	219.26009613782585	8.349375
Y-3918-cfDNA	48.79568178190612	28.368586320377265	80.51517954703714	80.29859783463999	0	125.02341156972751	40.87105729629741	113.21011654780479	104.04129438381952	43.89848552514738	47.75939842512793	468.42116932155204	56.02762106793642	68.5175434952922	595.0518043328984	34.680048656540855	109.26044674138424	132.77769773303916	120.54045213280659	56.26197432826642	88.9847997787437	107.9446951392389	3.4918888888888886
Y-3920-cfDNA	29.555344272778548	17.978149817234097	59.30947102984734	65.67002189179624	0	115.08013113880625	27.444617702132177	64.92054633764442	60.790485374125744	21.09407842846438	31.02168418379866	358.06174850106	29.665801847455953	51.47318241994487	385.24309767133553	21.01289933388747	61.937436458789406	96.24963274325452	122.28169425511012	31.08928351216601	107.55448792242025	55.574112243019584	1.5215833333333333
Y-3925-cfDNA	54.87195651527975	33.727466553313235	80.420190710234	115.74106062858766	0	189.35617022241493	43.15734154844374	125.75906515917382	100.26122349641102	52.041239301383094	65.42815131818912	523.6004049744112	70.10305167228695	84.84450271370874	840.0222220595143	49.276944867575	104.40206087336055	138.81581099813624	146.7174779797895	41.31416607808292	133.35707025796484	114.14784104758778	4.085555555555556
Y-3938-cfDNA	950.4551689028889	618.2675180018387	1491.4057104104816	1276.8099139926117	0	1952.9703396307102	578.4719081610167	1805.073998436829	1980.0137608201296	623.4983130462931	723.6491629641481	4904.260089493519	1588.35680215572	1954.6659635454098	8393.007684872393	807.7768669516344	2438.1746522309904	2721.2384046153206	1817.1331753624288	1174.4934103233363	1720.5857534107356	2566.4220154632408	60.64759722222219
Y-3941-cfDNA	506.90503277765487	357.4831118971926	1108.7867599082542	1361.9007747373444	0	2814.4048183156083	676.3403098269666	1747.556952840847	1584.1672215957683	767.7510692891019	749.8694802090721	9512.754484420375	880.7391577346392	1123.5091660570881	10138.352643066086	544.5408210571777	1400.4475989633743	2001.8016207485612	2095.529342060588	687.9811556345533	1786.4205021915934	1465.8996817664263	56.65301944444441
tot-66-cfDNA	307.2008649646719	212.63580623609136	682.281794701837	808.3968645958768	0	1556.1835575629607	365.1491901830824	949.9538471651903	700.4582233911631	445.65644038252293	448.8189780135186	5705.618959080218	579.5055111499423	759.6181471522704	8025.722032251792	383.8621580749855	908.5104212946301	1175.4630262130886	1889.2555768677385	420.8386718268707	1511.5967416903734	876.8811486336645	33.54565000000002
tot-67-cfDNA	356.0704359547359	194.28861942431422	632.7603502273316	828.0229138339937	0	1367.6393119320123	291.9183163209141	909.2748560845833	644.7048392666435	448.03175014923795	445.47491987951076	3894.3611178671963	644.460967971141	823.0451144734341	8017.548972619844	425.6136507625675	1109.232372269551	1247.8626782785002	2558.5140903437864	457.5846524462485	2017.2326685960827	838.1797283265616	20.521083333333337
tot-72-cfDNA	453.25595013047985	335.6036850148117	916.2494822770396	1103.947276720007	0	1577.044157978051	479.88336631838513	1259.5257638302203	1088.0718192326053	572.2365618294896	466.7777318268706	7483.553426845883	676.0881411162829	885.466093272357	8880.654056274749	443.7876666102736	1007.5796558688255	1479.5159656051153	2680.909693283086	564.9936755963647	2314.7696623403504	1192.406226068353	48.62385833333331
tot-PH1-cfDNA	580.4088249118882	397.83066570859825	1275.1081202633322	1535.65912866574	0	1752.3996396516181	605.3463018986753	1599.4448401835905	1453.423434875502	715.2332221627418	686.6727050470714	8611.844555031277	701.0039573148166	834.7728282196313	8271.150289501868	504.5910965118474	1016.2666781914965	1680.0211827022729	3690.46840091348	599.5998628657471	3317.533265662653	1454.0406186056775	54.10662222222221
tot-PH16-cfDNA	551.3189523789888	385.71660249149386	1158.748902823535	1624.0000333232404	0	1449.401253370735	499.4084090228617	1557.2723971112543	1330.2510837746916	700.1372793834315	580.4292586434593	5372.901866334021	793.0071815648766	937.432585509048	8181.850858608225	492.5895925908569	1039.764029291472	1816.437345939346	4336.6595234419	605.09877994646	4087.358233553742	1317.1910280670152	63.66296527777772
tot-PH17-cfDNA	483.2921645766565	332.59622564074056	1073.7515546714685	1331.678960624822	0	1923.8747533138871	533.760972481138	1475.8780922725593	1351.6832217708682	611.6979568448107	580.0245563593081	6838.097297386699	682.407412696535	849.2474016719932	10055.692653560725	464.93439932391766	1021.294356482112	1706.0759669082743	2810.999223585644	512.8462021296979	2636.5224159593427	1387.7153447320004	64.68051944444437
tot-PH4-cfDNA	641.6170655929783	421.6565418633879	1304.728515346352	1638.3841193127594	0	2341.2120495600916	696.2476302974011	1836.09989438462	1720.859597783441	758.7741545666482	751.1368678390261	8836.664887456483	775.7839524091506	1016.5623215450364	8570.599706045195	504.19381853222535	1156.41601208296	1919.4966225998016	3193.294492611094	625.0405035497255	2970.944494570742	1636.3887230383605	60.106241666666655
tot-PH7-cfDNA	450.661584037654	304.1388593768893	885.8191007105767	1088.8177497096397	0	1947.9556102327588	496.59021427091943	1382.663990122166	1119.3609349820922	584.249360325018	565.7741098672427	5861.415429923091	748.3500756668199	997.8328366190515	8522.254220020204	467.80671358388986	1176.4359936651472	1519.1404038042695	2652.951214264317	571.2385222395285	2160.0831602580556	1192.116133175506	33.65854444444446
tot-YUCLUE_20-3998-cfDNA	490.40828144532674	340.9233464690221	944.4839426482565	1261.6791616920843	0	1683.0437590017755	515.2503679338759	1379.9998032490473	1269.881840438415	638.8723293205345	513.3433235410279	7715.127513821661	788.4153414436415	993.4964110136137	7619.432472518326	454.2830632518793	1186.3996930950236	1878.22361403418	2664.614761347944	556.9732637915145	2363.5760337999245	1391.3162653928036	44.435908333333316
tot-YUMARS_15-3443-cfDNA	406.2536189693803	289.36647653823354	794.3059298810986	1205.4857981740288	0	1774.251663521459	477.76682510683577	1251.5027412974225	1017.0266484279782	489.5812496368105	515.1010518347817	4996.823859540592	661.0221591911045	911.4978693927643	7216.08319584849	377.2146224198716	1017.2890107281515	1539.719763244316	2089.4163611456415	459.61697214436225	1860.818712596	1119.4758774554832	36.378493055555545
tot-YUMICRO_20-4006-cfDNA	569.0839292949204	419.98667347582256	1090.2521332517883	1001.720149660789	0	1415.77835305445	544.0312361333947	1685.6403939221466	1570.2390352915934	496.7381175889784	684.3661332533826	3724.2183761066726	956.2563990579408	1194.547040322237	5607.996226884626	462.57213640846925	1473.804322539724	1489.257218513132	1658.3480291146618	699.7267496163444	1276.5147611672187	1499.4148819537397	35.391311111111115
tot-YUMOTE_17-3755-cfDNA	414.916821924398	314.0414329635933	853.7039492555505	816.5727781581277	0	1551.319237486539	478.5724639134123	1415.5802511112722	1067.5828794339504	411.5141878770773	457.5885175968247	4187.287941630408	740.5843325690495	917.2030851606836	5460.560632203566	385.5185308308915	1136.8743183738413	1230.9438957233301	1803.7868538859948	535.6554827498537	1628.3944078845107	1255.279597132417	34.691616666666675
tot-YUPRAF_19-3925-cfDNA	407.3511182407208	288.3253468662007	758.2540689111753	965.8993463993329	0	1662.908846575725	411.5837574605765	1170.4878258547333	993.3112904180701	435.4862963212868	465.49932398230567	4922.056520992013	750.9295924055516	939.8071176945541	8013.231131803137	388.63290368405	1093.5572067376127	1632.6877557097946	1426.5783605677682	555.8705813617546	1265.1167809089632	1034.254388416327	42.99784027777776
tot-YUREIL_17-3713-cfDNA	357.45346666664034	217.4386480936116	644.592100662768	869.6387456934718	0	1473.7201026232763	409.2562953021527	1055.5248607204317	888.914792721344	432.7189124136184	420.68160287430095	7764.012876155508	467.0700787360569	632.699371825022	5482.164920501285	287.03662013691826	776.1054280579874	1101.7757406394628	1609.6560014570907	423.06919116315777	1476.7881061040596	915.8452600339086	45.685055555555536
tot-YUSTRAW_20-4002-cfDNA	411.1579239944324	333.7908870568959	719.727279565829	1465.7000563477466	0	1749.3624155547975	462.96814244193024	1162.7148514924315	1063.4977876888515	544.6088720072469	527.8991188708317	8109.545724629146	561.5815611525277	835.5467170660576	7684.414108665272	327.49293949130686	949.7869858326218	1839.1486414467922	1488.9322543748176	458.9278405811329	1156.139394708868	1030.7697034325702	55.68438888888885
tot-YUTAUR_19-3926-cfDNA	334.7152426895526	235.92991227762266	692.8111401948719	695.271073149503	0	1022.733858217443	318.19182349413745	787.1442594546377	744.160056573642	388.60430952685414	397.87916918245185	5313.018929065733	594.9853423060331	672.7874845093248	3879.1634893444416	287.3690398231574	838.8158139879188	1020.9026461143715	1378.717194866249	378.5349425565442	1082.9497455309902	999.2299207872809	28.3766138888889
tot-YUTHEA_20-4000-cfDNA	489.987383853232	328.72366143066586	1067.7216035552028	1140.3780926409788	0	1630.5124957221951	493.6455760697816	1405.082456843417	1224.4971763974945	563.2163233949206	556.3923620366071	6201.590640028837	899.5142746520423	1015.5029193911705	7563.207586245738	427.32471287161366	1337.3694030080462	1582.4962904055405	2756.9447857755663	564.1622089307906	2613.045936333373	1572.7548166362012	50.87782063492064
tot-YUVIRTUE_20-4029-cfDNA	456.35206139410735	320.4815128843056	850.7692499671505	1200.0556008932608	0	1696.1743533664774	474.0693030367597	1365.8707968952424	1154.9270425769037	537.7808282086477	511.81125663089523	4310.499909861107	752.9045447215556	936.4061238969948	7575.2011672420695	447.9939455437862	1090.1347010877873	1539.9161218866202	2880.9555020173557	588.169594938958	2517.1117610772726	1172.9405756251508	50.90146388888887
y4-YUEVRY_19_3935-cfDNA	63.11147599133403	54.34236163739584	165.16141179687142	221.22043219376198	0	370.04595073407836	112.28403970098566	258.3525136040623	228.51301135729682	116.90617604048286	114.89213728208112	970.9841445518957	99.52356900561591	116.0782165896638	1189.911603918269	64.73240199883848	130.13035363881121	256.82731322934666	383.0553577011292	81.55477325274657	325.81544141026484	233.30830515343703	9.400972222222222
y4-YUMORF_17_3654-cfDNA	384.14705093452966	267.3395847046327	618.2849260592845	797.6012671772135	0	1071.1076168705893	372.659607713843	1156.4000637304187	809.7668243294205	341.4142203711218	465.68381875979446	3565.8258097874746	794.6607017506248	939.3369926589924	5349.475561278056	447.4682390849979	1503.1595362386452	1111.761495324101	1331.6224152191555	700.7367525477181	1094.3166161917422	1101.4206842924202	20.189055555555555
y4-YUPARK_18_3832-cfDNA	50.68957985503231	42.945634223757246	117.76207521672217	138.6814455712164	0	233.58924941700403	69.87638621331006	163.86193898784032	131.4494113576679	75.05697677123253	77.65922871113344	1177.916073727981	78.42891588658266	92.54912419860536	775.5430028486146	41.37773838148239	116.7487643369218	191.00928105777163	253.32548005332174	54.29198537321272	231.51424347701706	158.18108262159313	4.6477
y4-YUPARK_18_3856-cfDNA	623.620978733338	417.7427837881009	1228.6129626570644	1389.8644861741038	0	2859.075392349022	757.6867881815373	1880.128598394779	1519.1882869054277	822.5960865936125	829.1336310428103	10197.548027674919	997.8664684982307	1279.0446804713263	11622.208488065471	638.5914867546797	1600.2686309144358	1968.5533151818386	2844.2534869582073	745.0028545204625	2488.6839322489504	1568.966566428988	66.54730833333329
